14  6
0 0 8 2. 1.0
 87645.8       0.000237
 12851.8       0.00192
 2786.28       0.0109
  728.043      0.0496
  219.516      0.1668
   75.9006     0.363
   29.4602     0.4051
   11.9891     0.1504
0 1 6 8. 1.0
  165.958     -0.00884    0.00909
   39.3727    -0.0859     0.0601
   12.7112    -0.0712     0.1952
    4.7177     0.4147     0.3384
    1.8482     0.6168     0.3006
    0.7365     0.1154     0.0648
0 1 3 4.0 1.
    4.1752    -0.0199    -0.0087
    1.4472    -0.1864    -0.00438
    0.5023     0.0967     0.2207
0 1 1 0. 1.
    0.322 1. 1.
0 1 1 0. 1.
    0.13 1. 1.
0 3 1 0. 1.
    0.6      1.
