Created with astools
CRYSTAL
0 0 0
1
10.3074 10.3483 5.24473 90.00000 90.00000 90.00000
48
 72     0.119760813    -0.020393335     0.208139625
 72    -0.161474831     0.229606665     0.292019552
 72    -0.119760813     0.020393335    -0.208139625
 72     0.161474831    -0.229606665    -0.292019552
  8     0.003761206    -0.162439169     0.352496658
  8    -0.045475224     0.087560831     0.147662518
  8    -0.003761206     0.162439169    -0.352496658
  8     0.045475224    -0.087560831    -0.147662518
  8     0.186678068     0.121740674     0.475981350
  8    -0.228392085    -0.128259326     0.024177826
  8    -0.186678068    -0.121740674    -0.475981350
  8     0.228392085     0.128259326    -0.024177826
 72     0.119760813     0.477629272     0.208139625
 72    -0.161474831     0.727629272     0.292019552
 72    -0.119760813     0.518415943    -0.208139625
 72     0.161474831     0.268415943    -0.292019552
  8     0.003761206     0.335583439     0.352496658
  8    -0.045475224     0.585583439     0.147662518
  8    -0.003761206     0.660461776    -0.352496658
  8     0.045475224     0.410461776    -0.147662518
  8     0.186678068     0.619763282     0.475981350
  8    -0.228392085     0.369763282     0.024177826
  8    -0.186678068     0.376281933    -0.475981350
  8     0.228392085     0.626281933    -0.024177826
 72     0.619760813    -0.020393335     0.208139625
 72     0.338525169     0.229606665     0.292019552
 72     0.380239187     0.020393335    -0.208139625
 72     0.661474831    -0.229606665    -0.292019552
  8     0.503761206    -0.162439169     0.352496658
  8     0.454524776     0.087560831     0.147662518
  8     0.496238794     0.162439169    -0.352496658
  8     0.545475224    -0.087560831    -0.147662518
  8     0.686678068     0.121740674     0.475981350
  8     0.271607915    -0.128259326     0.024177826
  8     0.313321932    -0.121740674    -0.475981350
  8     0.728392085     0.128259326    -0.024177826
 72     0.619760813     0.477629272     0.208139625
 72     0.338525169     0.727629272     0.292019552
 72     0.380239187     0.518415943    -0.208139625
 72     0.661474831     0.268415943    -0.292019552
  8     0.503761206     0.335583439     0.352496658
  8     0.454524776     0.585583439     0.147662518
  8     0.496238794     0.660461776    -0.352496658
  8     0.545475224     0.410461776    -0.147662518
  8     0.686678068     0.619763282     0.475981350
  8     0.271607915     0.369763282     0.024177826
  8     0.313321932     0.376281933    -0.475981350
  8     0.728392085     0.626281933    -0.024177826
ENDGEOM
STOP
