Created with astools
CRYSTAL
0 0 0
1
9.82956 9.82956 10.2152 90.00000 90.00000 90.00000
84
 14     0.070944893     0.153655930     0.591969728
 14     0.458616718     0.081152676     0.334539361
 14     0.283324008     0.281183525     0.270630368
 14     0.273556530     0.410912644     0.668880977
 14     0.772746788     0.956541406     0.568831548
 14     0.294515762     0.056908963     1.000934815
  8     0.142800916     0.013029272     0.504188351
  8     0.353569277     0.152494128     0.248374211
  8     0.895033050     0.511171467     0.686711355
  8     0.209452941     0.330064661     0.133077821
  8     0.116122201     0.076263138     0.268694029
  8     0.460414357     0.919727953     0.314613077
  8     0.935804971    -0.012594665     0.609951842
  8     0.166645323     0.326522285     0.360780775
  8     0.189919002     0.441757365     0.808575441
  8     0.307186727     0.948739428     0.094507367
  8     0.386144493     0.407479123     0.290958017
  8     0.246462740     0.233331937     0.651820045
 14     0.222859443     0.700201315     0.607237247
 14     0.463981150     0.595686959     0.061597818
 14     0.231450876     0.795511798     0.125077939
 14     0.396612918     0.868052185     0.748848471
 14     0.527860924     0.468151225     0.339582850
 14     0.208528179     0.445395372     1.009578838
  8     0.213731871     0.490272259     0.546808378
  8     0.363728431     0.714922219     0.090863858
  8     0.886437547     0.920976228     0.890509621
  8     0.062505552     0.849706499     0.046217135
  8     0.126328152     0.611784325     0.108968534
  8     0.510414567     0.551268893     0.236520250
  8     0.135810775     0.680297064     0.776049244
  8     0.208876109     0.812930687     0.290553716
  8     0.315305098     0.929195316     0.870272034
  8     0.377025060     0.474142338     0.028985280
  8     0.625287474     0.878425997     0.548123092
  8     0.379080086     0.716240692     0.683603227
 14     0.661899494     0.230574947     0.522148928
 14     0.987424786     0.105452342     0.240553475
 14     0.739252915     0.309264135     0.207953858
 14     0.872338237     0.366093745     0.650597351
 14     0.124096109     0.875799226     0.397313766
 14     0.669503090     0.018693413     0.118224394
  8     0.749445641     0.100094625     0.478010568
  8     0.909852637     0.228045840     0.265695541
  8     0.416319804     0.442316902     0.662937844
  8     0.712541645     0.359116830     0.065550477
  8     0.607107614     0.137575859     0.206189811
  8     0.968259124     0.932559658     0.319830817
  8     0.555876424     0.165716492     0.674966056
  8     0.642721624     0.345954490     0.345064904
  8     0.726450712     0.456424351     0.844340943
  8     0.897393278     0.073361075     0.088508924
  8     1.011885700     0.328015739     0.528929053
  8     0.744973416     0.350126599     0.587254184
 14     0.645029968     0.736851993     0.487605140
 14     0.945362877     0.564329499     0.200118437
 14     0.832008858     0.833429064     0.287425030
 14     0.702892178     0.927853445     0.848445631
 14     0.086640715     0.445438100     0.424913946
 14     0.715812392     0.533733009     0.964304910
  8     0.618967760     0.573197649     0.419588523
  8     0.907366259     0.700406817     0.247544071
  8     0.367201628     0.989850123     0.647520548
  8     0.728971680     0.902948970     0.184956644
  8     0.637855688     0.633911462     0.086127657
  8    -0.009392171     0.527625919     0.342109490
  8     0.590049880     0.653576638     0.617348698
  8     0.776345119     0.817707097     0.445382562
  8     0.663619815     0.999472122     0.970971478
  8     0.835214495     0.469325235     0.154165126
  8     0.139803833     0.752321660     0.513245486
  8     0.770623600     0.940061520     0.725399967
 14    -0.004704992     0.982143775     0.979035970
  8     0.075222298     0.474486199    -0.012009025
  8     0.935656440     0.233916908     0.701702813
 14     1.008039139     0.608214480     0.822632992
  8     0.132249069     0.095227672     0.936905412
  8     0.856012987     0.635829148     0.881850914
 14     0.401508356     0.133988720     0.672250482
  8     0.559451356     0.570165977     0.884798496
  8     0.369191545     0.163054114     0.907608732
 14     0.516936731     0.549236248     0.716921384
  8     0.495924598     0.188870125     0.465772863
  8     0.550567946     0.870988227     0.814226850
ENDGEOM
STOP
