Created with astools
CRYSTAL
0 0 0
1
10.84 10.84 18.3452 90.00000 90.00000 90.00000
132
  8     0.149436000     0.013504000     0.720960000
  8     0.356871000     0.160883000     0.588459000
  8     0.941336000     0.481876000     0.827604000
  8     0.231760000     0.338927000     0.524468000
  8     0.105926000     0.104419000     0.574147000
  8     0.475241000     0.949889000     0.621220000
  8     0.921368000     0.999318000     0.755945000
  8     0.179836000     0.321672000     0.657465000
  8     0.209413000     0.438294000     0.885113000
  8     0.322012000     0.935904000     0.503006000
  8     0.419558000     0.384906000     0.638391000
  8     0.320114000     0.253955000     0.798308000
  8     0.203123000     0.502295000     0.750333000
  8     0.352792000     0.710645000     0.486630000
  8     0.868555000     0.903848000     0.966271000
  8     0.127294000     0.821887000     0.463909000
  8     0.129930000     0.575062000     0.528016000
  8     0.488342000     0.586365000     0.582341000
  8     0.095231000     0.664766000     0.860409000
  8     0.185845000     0.821923000     0.602456000
  8     0.321718000     0.870170000     0.944325000
  8     0.381427000     0.487885000     0.473141000
  8     0.607691000     0.859827000     0.739531000
  8     0.324744000     0.751025000     0.821663000
  8     0.723164000     0.089569000     0.722184000
  8     0.863150000     0.226174000     0.587512000
  8     0.429008000     0.460385000     0.813056000
  8     0.685891000     0.334312000     0.486801000
  8     0.609121000     0.113680000     0.561648000
  8     0.964069000     0.931005000     0.620440000
  8     0.542153000     0.185191000     0.827777000
  8     0.660221000     0.373682000     0.615136000
  8     0.723621000     0.436958000     0.902002000
  8     0.910695000     0.089791000     0.479664000
  8    -0.018880000     0.358068000     0.730594000
  8     0.737868000     0.313976000     0.765780000
  8     0.626213000     0.589268000     0.680243000
  8     0.900597000     0.700247000     0.570516000
  8     0.380774000     1.010046000     0.827500000
  8     0.752336000     0.902606000     0.563629000
  8     0.631340000     0.577587000     0.455997000
  8     1.028527000     0.523423000     0.634912000
  8     0.599985000     0.652594000     0.810928000
  8     0.794596000     0.785153000     0.695987000
  8     0.641632000     0.046865000     0.962125000
  8     0.861316000     0.465333000     0.545773000
  8     0.141507000     0.773541000     0.731950000
  8     0.729785000     0.958823000     0.843763000
  8     0.030508000     0.510166000     0.971671000
  8     0.931903000     0.223519000     0.841464000
  8     0.072244000     0.081275000     0.965737000
  8     0.883174000     0.638993000     0.934108000
  8     0.505829000     0.582271000     0.940551000
  8     0.378963000     0.200494000     0.938346000
  8     0.528489000     0.186797000     0.688508000
  8     0.537208000     0.856245000     0.897046000
 14     0.130342000     0.137808000     0.052010000
 14     0.310020000     0.259746000     0.007133000
 14     0.202829000     0.424069000     0.106132000
 14     0.435094000     0.194685000     0.107315000
 14     0.064487000     0.314237000     0.186532000
 14     0.319112000     0.057960000     0.181082000
 14     0.189600000     0.178255000     0.254406000
 14     0.437049000     0.438337000     0.254094000
 14     0.088224000     0.580137000     0.045672000
 14     0.282609000     0.806731000     0.025153000
 14     0.192521000     0.940550000     0.107556000
 14     0.432426000     0.702651000     0.097020000
 14     0.060344000     0.817645000     0.181066000
 14     0.318511000     0.563514000     0.177401000
 14     0.187506000     0.686004000     0.249258000
 14     0.439334000     0.941455000     0.254956000
 14     0.577695000     0.055587000     0.046353000
 14     0.806238000     0.322144000     0.029269000
 14     0.678142000     0.427445000     0.106553000
 14     0.932560000     0.199644000     0.110241000
 14     0.563820000     0.309513000     0.185443000
 14     0.810792000     0.065638000     0.185262000
 14     0.687515000     0.188900000     0.261122000
 14     0.933464000     0.437130000     0.257310000
 14     0.563686000     0.555018000     0.023448000
 14     0.782933000     0.809064000     0.020174000
 14     0.691030000     0.930009000     0.115908000
 14     0.928836000     0.696463000     0.102840000
 14     0.563552000     0.808382000     0.187425000
 14     0.802475000     0.561028000     0.179803000
 14     0.689501000     0.684346000     0.264516000
 14     0.930004000     0.934133000     0.256214000
 14     0.039636000     0.071455000     0.323300000
 14     0.323705000     0.297531000     0.322810000
 14     0.134049000     0.400338000     0.358679000
 14     0.460146000     0.207968000     0.412528000
 14     0.039097000     0.587571000     0.320903000
 14     0.295135000     0.829888000     0.320679000
 14     0.153071000     0.932878000     0.394189000
 14     0.462792000     0.754967000     0.392802000
 14     0.552284000     0.070444000     0.327875000
 14     0.815196000     0.309079000     0.341007000
 14     0.688513000     0.448579000     0.421189000
 14     0.955076000     0.194344000     0.408910000
 14     0.557329000     0.554099000     0.334485000
 14     0.819659000     0.809082000     0.342564000
 14     0.646444000     0.915634000     0.398227000
 14     0.930072000     0.669805000     0.420104000
 14     0.016472000     0.097570000     0.779857000
 14     0.496114000     0.096900000     0.617094000
 14     0.297237000     0.299400000     0.602163000
 14     0.288667000     0.398721000     0.811943000
 14     0.768440000     0.963980000     0.758443000
 14     0.290729000     0.058951000     0.454593000
 14     0.191363000     0.691852000     0.798511000
 14     0.475128000     0.603366000     0.494162000
 14     0.246353000     0.810767000     0.521494000
 14     0.399342000     0.869972000     0.866302000
 14     0.550030000     0.473178000     0.629675000
 14     0.225224000     0.472493000     0.481633000
 14     0.631007000     0.200188000     0.753319000
 14     0.965851000     0.121288000     0.566698000
 14     0.774274000     0.348359000     0.559228000
 14     0.877337000     0.344225000     0.800584000
 14     0.121182000     0.893906000     0.672651000
 14     0.667777000    -0.002325000     0.517075000
 14     0.643316000     0.716242000     0.727776000
 14     0.978490000     0.569209000     0.554938000
 14     0.855110000     0.825633000     0.613722000
 14     0.678418000     0.910752000     0.923059000
 14     0.094036000     0.432039000     0.690887000
 14     0.781085000     0.537468000     0.960769000
 14     1.022888000     0.934660000     0.971268000
 14     0.002302000     0.558610000     0.891077000
 14     0.398536000     0.157348000     0.852628000
 14     0.524502000     0.548530000     0.856023000
END
14 6
0 0 8 2. 1.0
	87645.8     0.000237
	12851.8     0.00192
	 2786.28    0.0109
	  728.043   0.0496
	  219.516   0.1668
	   75.9006  0.363
	   29.4602  0.4051
	   11.9891  0.1504
0 1 6 8. 1.0
	165.958 -0.00884 0.00909
	 39.3727 -0.0859 0.0601
	 12.7112 -0.0712 0.1952
	  4.7177 0.4147 0.3384
	  1.8482 0.6168 0.3006
	  0.7365 0.1154 0.0648
0 1 3 4 1.
	4.1752 -0.0199 -0.0087
	1.4472 -0.1864 -0.00438
	0.5023 0.0967 0.2207
0 1 1 0. 1.
	0.322 1. 1.
0 1 1 0. 1.
	0.13 1. 1.
0 3 1 0. 1.
	0.6 1.
8  4                          |      ===== Modified OXYGEN BASIS  =====
0 0 8 2.0 1.0
 8020.0    0.00108
 1338.0    0.00804
  255.4    0.05324
   69.22   0.1681
   23.90   0.3581
    9.264  0.3855
    3.851  0.1468
    1.212  0.0728
0 1 4 6.0 1.0
   49.43  -0.00883 0.00958
   10.47  -0.0915  0.0696
    3.235 -0.0402  0.2065
    1.217  0.379   0.347
0  1  1  0. 1.                |               3sp:  1 Gaussian
.4763    1.       1.
0  1  1  0. 1.                |               3sp:  1 Gaussian
.190     1.       1.
99 0
END
SHRINK
2 2
DFT 
EXCHANGE
BECKE 
CORRELAT
LYP
HYBRID
20
NONLOCAL
0.9 0.81
XLGRID
END
TOLINTEG
8 8 8 8 16
SCFDIR
SMEAR
0.0
MAXCYCLE                      |             maximum No.
150                            |             of cycles
FMIXING                       |
92
BROYDEN
0.0001 90 20
TOLDEE
7
END
