Created with astools
CRYSTAL
0 0 0
1
10.84 10.84 18.8457 90.00000 90.00000 90.00000
132
 14     0.062536900     0.062536900     0.035971070
 14     0.312536900     0.312536900     0.035971070
 14     0.187536900     0.437536900     0.107870761
 14     0.437536900     0.187536900     0.107870761
 14     0.062536900     0.312536900     0.179770452
 14     0.312536900     0.062536900     0.179770452
 14     0.187536900     0.187536900     0.251670142
 14     0.437536900     0.437536900     0.251670142
 14     0.062536900     0.562536900     0.035971070
 14     0.312536900     0.812536900     0.035971070
 14     0.187536900     0.937536900     0.107870761
 14     0.437536900     0.687536900     0.107870761
 14     0.062536900     0.812536900     0.179770452
 14     0.312536900     0.562536900     0.179770452
 14     0.187536900     0.687536900     0.251670142
 14     0.437536900     0.937536900     0.251670142
 14     0.562536900     0.062536900     0.035971070
 14     0.812536900     0.312536900     0.035971070
 14     0.687536900     0.437536900     0.107870761
 14     0.937536900     0.187536900     0.107870761
 14     0.562536900     0.312536900     0.179770452
 14     0.812536900     0.062536900     0.179770452
 14     0.687536900     0.187536900     0.251670142
 14     0.937536900     0.437536900     0.251670142
 14     0.562536900     0.562536900     0.035971070
 14     0.812536900     0.812536900     0.035971070
 14     0.687536900     0.937536900     0.107870761
 14     0.937536900     0.687536900     0.107870761
 14     0.562536900     0.812536900     0.179770452
 14     0.812536900     0.562536900     0.179770452
 14     0.687536900     0.687536900     0.251670142
 14     0.937536900     0.937536900     0.251670142
 14     0.062536900     0.062536900     0.323569833
 14     0.312536900     0.312536900     0.323569833
 14     0.187536900     0.437536900     0.395469524
 14     0.437536900     0.187536900     0.395469524
 14     0.062536900     0.562536900     0.323569833
 14     0.312536900     0.812536900     0.323569833
 14     0.187536900     0.937536900     0.395469524
 14     0.437536900     0.687536900     0.395469524
 14     0.562536900     0.062536900     0.323569833
 14     0.812536900     0.312536900     0.323569833
 14     0.687536900     0.437536900     0.395469524
 14     0.937536900     0.187536900     0.395469524
 14     0.562536900     0.562536900     0.323569833
 14     0.812536900     0.812536900     0.323569833
 14     0.687536900     0.937536900     0.395469524
 14     0.937536900     0.687536900     0.395469524
 14     0.986511801     0.270038395     0.800597568
 14     0.568681730     0.006211287     0.531768159
 14     0.357429998     0.352766780     0.616553717
 14     0.259728247     0.417207495     0.755979092
 14     0.429169708     0.074930210     0.668211435
 14     0.240603355     0.974087742     0.499148656
  8     0.985127281     0.174903245     0.724869211
  8     0.451183680     0.215157075     0.632812529
  8     0.819976713     0.322953311     0.822535105
  8     0.278265151     0.337815794     0.539228716
  8     0.134889494     0.043619404     0.551177809
  8     0.532927336     0.971779530     0.610460046
  8     0.045758645     0.177657026     0.864865005
  8     0.231396957     0.346078154     0.677416678
  8     0.292940454     0.539594599     0.820043831
  8     0.409775236     0.022161478     0.501039796
  8     0.386214996     0.478117225     0.683276876
  8     0.083150963     0.394681830     0.772232067
 14     0.006378345     0.778626254     0.789943194
 14     0.559473297     0.506747596     0.494307679
 14     0.302783670     0.689955928     0.546931766
 14     0.256153520     0.946276282     0.765742551
 14     0.509700765     0.609328230     0.652606881
 14     0.293795988     0.356508341     0.452742088
  8     0.026411680     0.679267351     0.727941516
  8     0.414347916     0.637533377     0.495832848
  8     0.855076994     0.827063096     0.792303404
  8     0.237719362     0.814590207     0.520780023
  8     0.156035725     0.605353711     0.539480762
  8     0.508632619     0.427896072     0.593866411
  8     0.072606434     0.673605162     0.856002013
  8     0.379594528     0.700317958     0.620285587
  8     0.279399420     0.037578176     0.835127844
  8     0.468463224     0.390268863     0.455291094
  8     0.293041165     0.998132207     0.688558695
  8     0.108831828     0.909995954     0.773602135
 14     0.495478152     0.251291932     0.798884718
 14     0.960388011     0.079191602     0.539907382
 14     0.627542655     0.272626360     0.598946062
 14     0.731666505     0.434276461     0.790914764
 14     0.855497132     0.125161231     0.675592397
 14     0.783863219     0.928444355     0.962533021
  8     0.513047621     0.120483771     0.739333987
  8     0.924673292     0.234958460     0.527334807
  8     0.350156436     0.293893647     0.793784902
  8     0.696784939     0.386348260     0.530125882
  8     0.632619907     0.152229058     0.544944053
  8     0.899241254     0.031499308     0.610561925
  8     0.568759043     0.216954611     0.873215415
  8     0.745427272     0.241407007     0.652465735
  8     0.740763036     0.569601352     0.849388331
  8     0.916910417     0.975591284     0.468143944
  8     0.794973968     0.506804564     0.719363469
  8     0.586628610     0.375116455     0.766808572
 14     0.501027422     0.764226634     0.790960928
 14     0.989086540     0.581551358     0.527941839
 14     0.749122038     0.754263379     0.563013881
 14     0.753366137     0.941008799     0.793250565
 14     0.911687693     0.602351713     0.681008994
 14     0.847712894     0.349614225     0.483240268
  8     0.556994182     0.678547116     0.724283403
  8     0.878111300     0.688159409     0.516611451
  8     0.343419997     0.815924881     0.782286838
  8     0.693577450     0.888910760     0.517857353
  8     0.623821440     0.628871225     0.577519515
  8     0.954241597     0.541911967     0.608887810
  8     0.536513254     0.715336085     0.875859508
  8     0.837727258     0.749436378     0.639809851
  8     0.774704634     0.028686627     0.878922793
  8     0.943824634     0.464017704     0.478862418
  8     0.770534797     0.038385795     0.736734996
  8     0.607593765     0.881267924     0.790217526
 14     0.188475815     0.115513333     0.899216991
  8     0.274075986     0.228385804     0.951248798
  8     0.182117806     0.994413026     0.956423962
 14     0.209330086     0.612265122     0.888572699
  8     0.284630281     0.716209929     0.926025114
  8     0.203878475     0.476192529     0.949701502
 14     0.708315825     0.171889040     0.909100901
  8     0.805186457     0.278283462     0.954396983
  8     0.676661076     0.038112554     0.974691181
 14     0.659945106     0.661337765     0.911792751
  8     0.779037236     0.784874397     0.931822699
  8     0.649091730     0.579089537     0.982025448
ENDGEOM
STOP
