Created with astools
CRYSTAL
0 0 0
1
19.6589 19.6589 19 90.00000 90.00000 90.00000
288
 14     3.182109023     0.083325000     0.119131037
 14     3.307109023     0.083325000     0.343145774
 14     3.182109023     0.166675000     0.328898437
 14     3.307109023     0.166675000     0.104883700
 14     3.357684023     0.000000000     0.224014737
 14     3.232684023     0.000000000     0.448029474
  8     3.155734023     0.053275000     0.191084571
  8     3.255509023     0.136600000     0.316532823
  8     3.130509023     0.136600000     0.092562889
  8     3.185634023     0.219950000     0.388441554
  8     3.130509023     0.113400000     0.355511387
  8     3.310634023     0.030050000     0.283602657
  8     3.185634023     0.030050000     0.059587920
  8     3.155734023     0.196725000     0.256944903
  8     3.280734023     0.196725000     0.032930166
  8     3.278384023     0.051125000     0.411067042
  8     3.315209023     0.217800000     0.164337211
  8     3.253309023     0.115550000     0.127329976
 14     3.182109023     0.333325000     0.119131037
 14     3.307109023     0.333325000     0.343145774
 14     3.182109023     0.416675000     0.328898437
 14     3.307109023     0.416675000     0.104883700
 14     3.357684023     0.250000000     0.224014737
 14     3.232684023     0.250000000     0.448029474
  8     3.155734023     0.303275000     0.191084571
  8     3.255509023     0.386600000     0.316532823
  8     3.130509023     0.386600000     0.092562889
  8     3.185634023     0.469950000     0.388441554
  8     3.130509023     0.363400000     0.355511387
  8     3.310634023     0.280050000     0.283602657
  8     3.185634023     0.280050000     0.059587920
  8     3.155734023     0.446725000     0.256944903
  8     3.280734023     0.446725000     0.032930166
  8     3.278384023     0.301125000     0.411067042
  8     3.315209023     0.467800000     0.164337211
  8     3.253309023     0.365550000     0.127329976
 14     3.182109023     0.583325000     0.119131037
 14     3.307109023     0.583325000     0.343145774
 14     3.182109023     0.666675000     0.328898437
 14     3.307109023     0.666675000     0.104883700
 14     3.357684023     0.500000000     0.224014737
 14     3.232684023     0.500000000     0.448029474
  8     3.155734023     0.553275000     0.191084571
  8     3.255509023     0.636600000     0.316532823
  8     3.130509023     0.636600000     0.092562889
  8     3.185634023     0.719950000     0.388441554
  8     3.130509023     0.613400000     0.355511387
  8     3.310634023     0.530050000     0.283602657
  8     3.185634023     0.530050000     0.059587920
  8     3.155734023     0.696725000     0.256944903
  8     3.280734023     0.696725000     0.032930166
  8     3.278384023     0.551125000     0.411067042
  8     3.315209023     0.717800000     0.164337211
  8     3.253309023     0.615550000     0.127329976
 14     3.182109023     0.833325000     0.119131037
 14     3.307109023     0.833325000     0.343145774
 14     3.182109023     0.916675000     0.328898437
 14     3.307109023     0.916675000     0.104883700
 14     3.357684023     0.750000000     0.224014737
 14     3.232684023     0.750000000     0.448029474
  8     3.155734023     0.803275000     0.191084571
  8     3.255509023     0.886600000     0.316532823
  8     3.130509023     0.886600000     0.092562889
  8     3.185634023     0.969950000     0.388441554
  8     3.130509023     0.863400000     0.355511387
  8     3.310634023     0.780050000     0.283602657
  8     3.185634023     0.780050000     0.059587920
  8     3.155734023     0.946725000     0.256944903
  8     3.280734023     0.946725000     0.032930166
  8     3.278384023     0.801125000     0.411067042
  8     3.315209023     0.967800000     0.164337211
  8     3.253309023     0.865550000     0.127329976
 14     3.432109023     0.083325000     0.119131037
 14     3.557109023     0.083325000     0.343145774
 14     3.432109023     0.166675000     0.328898437
 14     3.557109023     0.166675000     0.104883700
 14     3.607684023     0.000000000     0.224014737
 14     3.482684023     0.000000000     0.448029474
  8     3.405734023     0.053275000     0.191084571
  8     3.505509023     0.136600000     0.316532823
  8     3.380509023     0.136600000     0.092562889
  8     3.435634023     0.219950000     0.388441554
  8     3.380509023     0.113400000     0.355511387
  8     3.560634023     0.030050000     0.283602657
  8     3.435634023     0.030050000     0.059587920
  8     3.405734023     0.196725000     0.256944903
  8     3.530734023     0.196725000     0.032930166
  8     3.528384023     0.051125000     0.411067042
  8     3.565209023     0.217800000     0.164337211
  8     3.503309023     0.115550000     0.127329976
 14     3.432109023     0.333325000     0.119131037
 14     3.557109023     0.333325000     0.343145774
 14     3.432109023     0.416675000     0.328898437
 14     3.557109023     0.416675000     0.104883700
 14     3.607684023     0.250000000     0.224014737
 14     3.482684023     0.250000000     0.448029474
  8     3.405734023     0.303275000     0.191084571
  8     3.505509023     0.386600000     0.316532823
  8     3.380509023     0.386600000     0.092562889
  8     3.435634023     0.469950000     0.388441554
  8     3.380509023     0.363400000     0.355511387
  8     3.560634023     0.280050000     0.283602657
  8     3.435634023     0.280050000     0.059587920
  8     3.405734023     0.446725000     0.256944903
  8     3.530734023     0.446725000     0.032930166
  8     3.528384023     0.301125000     0.411067042
  8     3.565209023     0.467800000     0.164337211
  8     3.503309023     0.365550000     0.127329976
 14     3.432109023     0.583325000     0.119131037
 14     3.557109023     0.583325000     0.343145774
 14     3.432109023     0.666675000     0.328898437
 14     3.557109023     0.666675000     0.104883700
 14     3.607684023     0.500000000     0.224014737
 14     3.482684023     0.500000000     0.448029474
  8     3.405734023     0.553275000     0.191084571
  8     3.505509023     0.636600000     0.316532823
  8     3.380509023     0.636600000     0.092562889
  8     3.435634023     0.719950000     0.388441554
  8     3.380509023     0.613400000     0.355511387
  8     3.560634023     0.530050000     0.283602657
  8     3.435634023     0.530050000     0.059587920
  8     3.405734023     0.696725000     0.256944903
  8     3.530734023     0.696725000     0.032930166
  8     3.528384023     0.551125000     0.411067042
  8     3.565209023     0.717800000     0.164337211
  8     3.503309023     0.615550000     0.127329976
 14     3.432109023     0.833325000     0.119131037
 14     3.557109023     0.833325000     0.343145774
 14     3.432109023     0.916675000     0.328898437
 14     3.557109023     0.916675000     0.104883700
 14     3.607684023     0.750000000     0.224014737
 14     3.482684023     0.750000000     0.448029474
  8     3.405734023     0.803275000     0.191084571
  8     3.505509023     0.886600000     0.316532823
  8     3.380509023     0.886600000     0.092562889
  8     3.435634023     0.969950000     0.388441554
  8     3.380509023     0.863400000     0.355511387
  8     3.560634023     0.780050000     0.283602657
  8     3.435634023     0.780050000     0.059587920
  8     3.405734023     0.946725000     0.256944903
  8     3.530734023     0.946725000     0.032930166
  8     3.528384023     0.801125000     0.411067042
  8     3.565209023     0.967800000     0.164337211
  8     3.503309023     0.865550000     0.127329976
 14     3.682109023     0.083325000     0.119131037
 14     3.807109023     0.083325000     0.343145774
 14     3.682109023     0.166675000     0.328898437
 14     3.807109023     0.166675000     0.104883700
 14     3.857684023     0.000000000     0.224014737
 14     3.732684023     0.000000000     0.448029474
  8     3.655734023     0.053275000     0.191084571
  8     3.755509023     0.136600000     0.316532823
  8     3.630509023     0.136600000     0.092562889
  8     3.685634023     0.219950000     0.388441554
  8     3.630509023     0.113400000     0.355511387
  8     3.810634023     0.030050000     0.283602657
  8     3.685634023     0.030050000     0.059587920
  8     3.655734023     0.196725000     0.256944903
  8     3.780734023     0.196725000     0.032930166
  8     3.778384023     0.051125000     0.411067042
  8     3.815209023     0.217800000     0.164337211
  8     3.753309023     0.115550000     0.127329976
 14     3.682109023     0.333325000     0.119131037
 14     3.807109023     0.333325000     0.343145774
 14     3.682109023     0.416675000     0.328898437
 14     3.807109023     0.416675000     0.104883700
 14     3.857684023     0.250000000     0.224014737
 14     3.732684023     0.250000000     0.448029474
  8     3.655734023     0.303275000     0.191084571
  8     3.755509023     0.386600000     0.316532823
  8     3.630509023     0.386600000     0.092562889
  8     3.685634023     0.469950000     0.388441554
  8     3.630509023     0.363400000     0.355511387
  8     3.810634023     0.280050000     0.283602657
  8     3.685634023     0.280050000     0.059587920
  8     3.655734023     0.446725000     0.256944903
  8     3.780734023     0.446725000     0.032930166
  8     3.778384023     0.301125000     0.411067042
  8     3.815209023     0.467800000     0.164337211
  8     3.753309023     0.365550000     0.127329976
 14     3.682109023     0.583325000     0.119131037
 14     3.807109023     0.583325000     0.343145774
 14     3.682109023     0.666675000     0.328898437
 14     3.807109023     0.666675000     0.104883700
 14     3.857684023     0.500000000     0.224014737
 14     3.732684023     0.500000000     0.448029474
  8     3.655734023     0.553275000     0.191084571
  8     3.755509023     0.636600000     0.316532823
  8     3.630509023     0.636600000     0.092562889
  8     3.685634023     0.719950000     0.388441554
  8     3.630509023     0.613400000     0.355511387
  8     3.810634023     0.530050000     0.283602657
  8     3.685634023     0.530050000     0.059587920
  8     3.655734023     0.696725000     0.256944903
  8     3.780734023     0.696725000     0.032930166
  8     3.778384023     0.551125000     0.411067042
  8     3.815209023     0.717800000     0.164337211
  8     3.753309023     0.615550000     0.127329976
 14     3.682109023     0.833325000     0.119131037
 14     3.807109023     0.833325000     0.343145774
 14     3.682109023     0.916675000     0.328898437
 14     3.807109023     0.916675000     0.104883700
 14     3.857684023     0.750000000     0.224014737
 14     3.732684023     0.750000000     0.448029474
  8     3.655734023     0.803275000     0.191084571
  8     3.755509023     0.886600000     0.316532823
  8     3.630509023     0.886600000     0.092562889
  8     3.685634023     0.969950000     0.388441554
  8     3.630509023     0.863400000     0.355511387
  8     3.810634023     0.780050000     0.283602657
  8     3.685634023     0.780050000     0.059587920
  8     3.655734023     0.946725000     0.256944903
  8     3.780734023     0.946725000     0.032930166
  8     3.778384023     0.801125000     0.411067042
  8     3.815209023     0.967800000     0.164337211
  8     3.753309023     0.865550000     0.127329976
 14     3.932109023     0.083325000     0.119131037
 14     4.057109023     0.083325000     0.343145774
 14     3.932109023     0.166675000     0.328898437
 14     4.057109023     0.166675000     0.104883700
 14     4.107684023     0.000000000     0.224014737
 14     3.982684023     0.000000000     0.448029474
  8     3.905734023     0.053275000     0.191084571
  8     4.005509023     0.136600000     0.316532823
  8     3.880509023     0.136600000     0.092562889
  8     3.935634023     0.219950000     0.388441554
  8     3.880509023     0.113400000     0.355511387
  8     4.060634023     0.030050000     0.283602657
  8     3.935634023     0.030050000     0.059587920
  8     3.905734023     0.196725000     0.256944903
  8     4.030734023     0.196725000     0.032930166
  8     4.028384023     0.051125000     0.411067042
  8     4.065209023     0.217800000     0.164337211
  8     4.003309023     0.115550000     0.127329976
 14     3.932109023     0.333325000     0.119131037
 14     4.057109023     0.333325000     0.343145774
 14     3.932109023     0.416675000     0.328898437
 14     4.057109023     0.416675000     0.104883700
 14     4.107684023     0.250000000     0.224014737
 14     3.982684023     0.250000000     0.448029474
  8     3.905734023     0.303275000     0.191084571
  8     4.005509023     0.386600000     0.316532823
  8     3.880509023     0.386600000     0.092562889
  8     3.935634023     0.469950000     0.388441554
  8     3.880509023     0.363400000     0.355511387
  8     4.060634023     0.280050000     0.283602657
  8     3.935634023     0.280050000     0.059587920
  8     3.905734023     0.446725000     0.256944903
  8     4.030734023     0.446725000     0.032930166
  8     4.028384023     0.301125000     0.411067042
  8     4.065209023     0.467800000     0.164337211
  8     4.003309023     0.365550000     0.127329976
 14     3.932109023     0.583325000     0.119131037
 14     4.057109023     0.583325000     0.343145774
 14     3.932109023     0.666675000     0.328898437
 14     4.057109023     0.666675000     0.104883700
 14     4.107684023     0.500000000     0.224014737
 14     3.982684023     0.500000000     0.448029474
  8     3.905734023     0.553275000     0.191084571
  8     4.005509023     0.636600000     0.316532823
  8     3.880509023     0.636600000     0.092562889
  8     3.935634023     0.719950000     0.388441554
  8     3.880509023     0.613400000     0.355511387
  8     4.060634023     0.530050000     0.283602657
  8     3.935634023     0.530050000     0.059587920
  8     3.905734023     0.696725000     0.256944903
  8     4.030734023     0.696725000     0.032930166
  8     4.028384023     0.551125000     0.411067042
  8     4.065209023     0.717800000     0.164337211
  8     4.003309023     0.615550000     0.127329976
 14     3.932109023     0.833325000     0.119131037
 14     4.057109023     0.833325000     0.343145774
 14     3.932109023     0.916675000     0.328898437
 14     4.057109023     0.916675000     0.104883700
 14     4.107684023     0.750000000     0.224014737
 14     3.982684023     0.750000000     0.448029474
  8     3.905734023     0.803275000     0.191084571
  8     4.005509023     0.886600000     0.316532823
  8     3.880509023     0.886600000     0.092562889
  8     3.935634023     0.969950000     0.388441554
  8     3.880509023     0.863400000     0.355511387
  8     4.060634023     0.780050000     0.283602657
  8     3.935634023     0.780050000     0.059587920
  8     3.905734023     0.946725000     0.256944903
  8     4.030734023     0.946725000     0.032930166
  8     4.028384023     0.801125000     0.411067042
  8     4.065209023     0.967800000     0.164337211
  8     4.003309023     0.865550000     0.127329976
ENDGEOM
STOP
