Created with astools
CRYSTAL
0 0 0
1
9.82956 9.82956 10.2152 90.00000 90.00000 90.00000
84
 14     0.071268000     0.151525620     0.592446469
 14     0.457858799     0.082234108     0.332503169
 14     0.282143893     0.282652563     0.270120340
 14     0.273325593     0.410249337     0.669580916
 14     0.773238161     0.956428478     0.567779188
 14     0.294669379     0.057445711     1.000778182
  8     0.141856824     0.012949920     0.502282357
  8     0.352808306     0.152117712     0.249393285
  8     0.894061488     0.510659744     0.687335916
  8     0.210989123     0.329264014     0.132790992
  8     0.117612603     0.077455562     0.267980382
  8     0.460861985     0.921380110     0.313713432
  8     0.932086592    -0.012757744     0.610462846
  8     0.166588351     0.326134677     0.361792017
  8     0.191074699     0.443578402     0.808019402
  8     0.307900899     0.950972485     0.092917669
  8     0.386175012     0.408340808     0.292539980
  8     0.246206370     0.230876079     0.652403490
 14     0.222087281     0.699906284     0.607780555
 14     0.465529540     0.595611675     0.062139856
 14     0.231413234     0.793389625     0.124642311
 14     0.395384988     0.869035950     0.748754491
 14     0.527391929     0.466952798     0.340097771
 14     0.207263625     0.444628296     1.010861244
  8     0.212619919     0.489088074     0.547057027
  8     0.363331667     0.716350562     0.092044261
  8     0.885618586     0.922424917     0.888965833
  8     0.058854523     0.851269130     0.046538031
  8     0.126281354     0.611420115     0.111636140
  8     0.509425711     0.551511018     0.237058665
  8     0.137452761     0.679000971     0.775805486
  8     0.210613725     0.810723058     0.289641345
  8     0.314524797     0.927098576     0.871618071
  8     0.374953755     0.474194221     0.027752013
  8     0.624479705     0.876942713     0.548649759
  8     0.378451369     0.716686284     0.683480858
 14     0.663329871     0.229630855     0.521957055
 14     0.987985337     0.106448317     0.241504023
 14     0.740845049     0.309826723     0.208044898
 14     0.872442003     0.365678670     0.651074092
 14     0.124416570     0.875895871     0.396957431
 14     0.669314881     0.018965042     0.119977671
  8     0.752059184     0.101249101     0.476683127
  8     0.909691894     0.226004039     0.264501236
  8     0.418692239     0.442272138     0.661086670
  8     0.712699330     0.359303002     0.065208044
  8     0.607337531     0.136501548     0.207863795
  8     0.971622446     0.932279887     0.321341317
  8     0.556841878     0.165450965     0.674096757
  8     0.643332026     0.347491689     0.345841200
  8     0.727654223     0.455188282     0.844845094
  8     0.897692373     0.074884846     0.087433365
  8     1.011606946     0.328287368     0.527707337
  8     0.746083331     0.350090992     0.587113215
 14     0.646470519     0.736977124     0.488541982
 14     0.942982300     0.564466838     0.198471863
 14     0.831631423     0.832805432     0.287849888
 14     0.700577728     0.928491314     0.847491164
 14     0.085679125     0.443861222     0.424700536
 14     0.716056551     0.533415597     0.965256435
  8     0.619374694     0.572055175     0.419244914
  8     0.907238071     0.701084363     0.247086907
  8     0.368707290     0.990155322     0.646466230
  8     0.728136442     0.903460689     0.185387377
  8     0.639483430     0.631657036     0.087383537
  8    -0.010215107     0.527696114     0.342364012
  8     0.588769048     0.653368081     0.617016836
  8     0.775819152     0.816740622     0.444606263
  8     0.662037850     1.002529225     0.973283727
  8     0.835946977     0.467881629     0.153118641
  8     0.139663440     0.752944270     0.513554829
  8     0.769987761     0.940760430     0.726465050
 14    -0.005612897     0.982368605     0.979711435
  8     0.077914077     0.475847398    -0.015084653
  8     0.936111188     0.236439909     0.702253953
 14     1.009456290     0.606933648     0.821297718
  8     0.129288610     0.095543454     0.936915199
  8     0.858159571     0.637428404     0.882440232
 14     0.402104516     0.134272557     0.671986167
  8     0.561257132     0.570388772     0.886505762
  8     0.366553582     0.163356263     0.906349815
 14     0.517079157     0.550413308     0.716531765
  8     0.497799553     0.190188597     0.465835514
  8     0.550398048     0.871098097     0.814245448
ENDGEOM
STOP
