Created with astools
CRYSTAL
0 0 0
1
10.84 10.84 23.6093 90.00000 90.00000 90.00000
172
 14     0.062536900     0.062536900     0.028713216
 14     0.312536900     0.312536900     0.028713216
 14     0.187536900     0.437536900     0.086105764
 14     0.437536900     0.187536900     0.086105764
 14     0.062536900     0.312536900     0.143498312
 14     0.312536900     0.062536900     0.143498312
 14     0.187536900     0.187536900     0.200890860
 14     0.437536900     0.437536900     0.200890860
 14     0.062536900     0.062536900     0.258283407
 14     0.312536900     0.312536900     0.258283407
 14     0.187536900     0.437536900     0.315675955
 14     0.437536900     0.187536900     0.315675955
 14     0.062536900     0.312536900     0.373068503
 14     0.312536900     0.062536900     0.373068503
 14     0.187536900     0.187536900     0.430461051
 14     0.437536900     0.437536900     0.430461051
 14     0.062536900     0.562536900     0.028713216
 14     0.312536900     0.812536900     0.028713216
 14     0.187536900     0.937536900     0.086105764
 14     0.437536900     0.687536900     0.086105764
 14     0.062536900     0.812536900     0.143498312
 14     0.312536900     0.562536900     0.143498312
 14     0.187536900     0.687536900     0.200890860
 14     0.437536900     0.937536900     0.200890860
 14     0.062536900     0.562536900     0.258283407
 14     0.312536900     0.812536900     0.258283407
 14     0.187536900     0.937536900     0.315675955
 14     0.437536900     0.687536900     0.315675955
 14     0.062536900     0.812536900     0.373068503
 14     0.312536900     0.562536900     0.373068503
 14     0.187536900     0.687536900     0.430461051
 14     0.437536900     0.937536900     0.430461051
 14     0.562536900     0.062536900     0.028713216
 14     0.812536900     0.312536900     0.028713216
 14     0.687536900     0.437536900     0.086105764
 14     0.937536900     0.187536900     0.086105764
 14     0.562536900     0.312536900     0.143498312
 14     0.812536900     0.062536900     0.143498312
 14     0.687536900     0.187536900     0.200890860
 14     0.937536900     0.437536900     0.200890860
 14     0.562536900     0.062536900     0.258283407
 14     0.812536900     0.312536900     0.258283407
 14     0.687536900     0.437536900     0.315675955
 14     0.937536900     0.187536900     0.315675955
 14     0.562536900     0.312536900     0.373068503
 14     0.812536900     0.062536900     0.373068503
 14     0.687536900     0.187536900     0.430461051
 14     0.937536900     0.437536900     0.430461051
 14     0.562536900     0.562536900     0.028713216
 14     0.812536900     0.812536900     0.028713216
 14     0.687536900     0.937536900     0.086105764
 14     0.937536900     0.687536900     0.086105764
 14     0.562536900     0.812536900     0.143498312
 14     0.812536900     0.562536900     0.143498312
 14     0.687536900     0.687536900     0.200890860
 14     0.937536900     0.937536900     0.200890860
 14     0.562536900     0.562536900     0.258283407
 14     0.812536900     0.812536900     0.258283407
 14     0.687536900     0.937536900     0.315675955
 14     0.937536900     0.687536900     0.315675955
 14     0.562536900     0.812536900     0.373068503
 14     0.812536900     0.562536900     0.373068503
 14     0.687536900     0.687536900     0.430461051
 14     0.937536900     0.937536900     0.430461051
 14     0.057705519     0.174386670     0.700734630
 14     0.407048045     0.004216699     0.492055622
 14     0.211066885     0.222285806     0.601108791
 14     0.323471764     0.313245740     0.723737817
 14     0.497800447     0.929834702     0.620606162
 14     0.471259785     0.000626019     0.904997884
  8     0.087368415     0.035739405     0.687958752
  8     0.353730703     0.200113483     0.591535036
  8     0.890797374     0.196839772     0.680055099
  8     0.120979805     0.350845606     0.994420132
  8     0.081030355     0.084146179     0.577556245
  8     0.472816273     0.950823891     0.543062264
  8     0.068042023     0.193371754     0.787014477
  8     0.124051071     0.399919737     0.588193138
  8     0.472982095     0.379494139     0.848314801
  8     0.442988674     0.918712425     0.974372979
  8     0.392717166     0.392304137     0.684723168
  8     0.198992405     0.246140764     0.677743302
 14     0.136955679     0.600071878     0.743325406
 14     0.221902279     0.614666241     0.570390436
 14     0.135521268     0.906725434     0.563115348
 14     0.353616764     0.832338536     0.730794771
 14     0.424467485     0.504682566     0.651440996
 14     0.401988951     0.522079625     0.998740457
  8     0.078757476     0.489617187     0.712669315
  8     0.258298664     0.777722086     0.557221493
  8     0.049469968     0.718787145     0.737129553
  8     0.240862947     0.998667074     0.505394540
  8     0.996389312     0.822269178     0.523042219
  8     0.299380790     0.605670148     0.630946139
  8     0.300922018     0.431854190     0.771615485
  8     0.074828412     0.848460902     0.628141316
  8     0.256739124     0.925362596     0.786358381
  8     0.337657168     0.537646539     0.527664966
  8     0.375704651     0.890332462     0.662371841
  8     0.290709219     0.672322420     0.745852373
 14     0.552639688     0.145419718     0.718686002
 14     0.837903234     0.133155000     0.593614722
 14     0.541692390     0.273749604     0.558229145
 14     0.791563638     0.331854418     0.704941863
 14     0.908659345     0.879701548     0.643237039
 14     0.835769930     0.078131523     0.468410189
  8     0.564101747     0.083449320     0.664578172
  8     0.676993918     0.228806778     0.582746140
  8     0.385778078     0.185282086     0.737197746
  8     0.891665141     0.411122381     0.538960074
  8     0.467591356     0.145232532     0.488372673
  8     0.831202198     0.990943639     0.615639059
  8     0.625186268     0.082930084     0.773250008
  8     0.507224829     0.402599338     0.598558529
  8     0.863019659     0.384269404     0.770694663
  8     0.866882395     0.157048615     0.536331876
  8     0.865957658     0.448926726     0.647530255
  8     0.631404082     0.296400064     0.718291666
 14     0.635247488     0.702327031     0.726969166
 14     0.009853444     0.699270008     0.476121588
 14     0.685053067     0.709680165     0.597766046
 14     0.922246569     0.810667747     0.755845453
 14     0.988153151     0.434594830     0.580458910
 14     0.774999758     0.492844102     0.514123714
  8     0.576631983     0.620056979     0.671347527
  8     0.833065914     0.722823841     0.622434252
  8     0.527255710     0.837474946     0.742677358
  8     0.707582467     0.630618717     0.543726832
  8     0.579722578     0.536802169     0.989782137
  8     0.075872073     0.602587691     0.539834728
  8     0.591977123     0.558511615     0.781924118
  8     0.591225329     0.833099485     0.602824214
  8     0.864467295     0.959198406     0.785354964
  8     0.886637584     0.610295867     0.469579006
  8     0.849401916     0.819724879     0.705420911
  8     0.776707826     0.672158633     0.769820856
 14     0.366316892     0.287494512     0.888207916
 14     0.083278717     0.417068572     0.945875779
 14     0.168766019     0.080474089     0.818310994
  8     0.198986301     0.388148416     0.893680328
  8     0.911865913     0.879497068     0.903333288
  8     0.081698424     0.556065996     0.959802472
  8     0.499638731     0.159980510     0.915599622
  8     0.068372649     0.800671636     0.966130477
  8     0.335036571     0.125077539     0.864027652
 14     0.312402388     0.720628481     0.887780119
 14     0.059472895     0.936725976     0.928230218
 14     0.441031365     0.507811818     0.804308906
  8     0.187343161     0.706552947     0.853854135
  8     0.098346741     0.023626775     0.870893580
  8     0.989595700     0.078117484     0.975512359
  8     0.321180777     0.618699885     0.956070898
  8     0.272980516     0.872552894     0.922194470
  8     0.434635522     0.612977503     0.849427073
 14     0.910411156     0.270420958     0.832100030
 14     0.529128582     0.221805635     0.973352196
 14     0.713620216     0.047601877     0.820386867
  8     0.715052592     0.193710519     0.971026845
  8     0.765581480     0.374004722     0.835681664
  8     0.410257666     0.322478867     0.965262177
  8     0.978486649     0.330057844     0.889673438
  8     0.610226690     0.319092234     0.508651726
  8     0.809854915     0.172813905     0.833194936
 14     0.749858917     0.595643517     0.927721944
 14     0.728054861     0.863828423     0.930640281
 14     0.745355275     0.494111673     0.804497815
  8     0.691813108     0.727938888     0.916302733
  8     0.653980278     0.994474730     0.892240219
  8     0.424887635     0.877914130     0.868621598
  8     0.780592942     0.473166228     0.973843527
  8     0.761129721     0.915440749     0.989320455
  8     0.787748717     0.573509852     0.866040839
ENDGEOM
STOP
