Created with astools
CRYSTAL
0 0 0
1
5.42 5.42 19 90.00000 90.00000 90.00000
26
 14     0.125073801     0.125073801     0.035678947
 14     0.625073801     0.625073801     0.035678947
 14     0.375073801     0.875073801     0.106994737
 14     0.875073801     0.375073801     0.106994737
 14     0.125073801     0.625073801     0.178310526
 14     0.625073801     0.125073801     0.178310526
 14     0.375073801     0.375073801     0.249626316
 14     0.875073801     0.875073801     0.249626316
 14    25.173649077     0.333300000     0.409657353
 14    25.673649077     0.333300000     0.633672090
 14    25.173649077     0.666700000     0.619424752
 14    25.673649077     0.666700000     0.395410016
 14    25.875949077     0.000000000     0.514541053
 14    25.375949077     0.000000000     0.738555789
  8    25.068149077     0.213100000     0.481610886
  8    25.467249077     0.546400000     0.607059139
  8    24.967249077     0.546400000     0.383089205
  8    25.187749077     0.879800000     0.678967869
  8    24.967249077     0.453600000     0.646037703
  8    25.687749077     0.120200000     0.574128973
  8    25.187749077     0.120200000     0.350114236
  8    25.068149077     0.786900000     0.547471219
  8    25.568149077     0.786900000     0.323456482
  8    25.558749077     0.204500000     0.701593358
  8    25.706049077     0.871200000     0.454863527
  8    25.458449077     0.462200000     0.417856292
ENDGEOM
STOP
