Created with astools
CRYSTAL
0 0 0
1
5.42 5.42 19 90.00000 90.00000 90.00000
92
 14     0.125073801     0.125073801     0.035678947
 14     0.625073801     0.625073801     0.035678947
 14     0.375073801     0.875073801     0.106994737
 14     0.875073801     0.375073801     0.106994737
 14     0.125073801     0.625073801     0.178310526
 14     0.625073801     0.125073801     0.178310526
 14     0.375073801     0.375073801     0.249626316
 14     0.875073801     0.875073801     0.249626316
 14     0.986511801     0.259846102     0.457489390
 14     0.568681730     0.005976849     0.724135621
 14     0.357429998     0.339451998     0.640038611
 14     0.259728247     0.401460472     0.501745517
 14     0.429169708     0.072102054     0.588800409
 14     0.240603355     0.937321906     0.756490219
  8     0.985127281     0.168301721     0.532602754
  8     0.451183680     0.207036215     0.623911838
  8     0.819976713     0.310763805     0.435730009
  8     0.278265151     0.325065320     0.716735652
  8     0.134889494     0.041973039     0.704883598
  8     0.532927336     0.935100815     0.646082796
  8     0.045758645     0.170951563     0.393743873
  8     0.231396957     0.333015827     0.579669921
  8     0.292940454     0.519228213     0.438201051
  8     0.409775236     0.021325018     0.754614438
  8     0.386214996     0.460071233     0.573857314
  8     0.083150963     0.379785012     0.485624533
 14     0.006378345     0.749237890     0.468057240
 14     0.559473297     0.487620983     0.761291883
 14     0.302783670     0.663914325     0.709095159
 14     0.256153520     0.910560158     0.492061348
 14     0.509700765     0.586329828     0.604278237
 14     0.293795988     0.343052338     0.802519918
  8     0.026411680     0.653629176     0.529555398
  8     0.414347916     0.613470403     0.759779100
  8     0.855076994     0.795846538     0.465716197
  8     0.237719362     0.783844424     0.735034522
  8     0.156035725     0.582505322     0.716485653
  8     0.508632619     0.411745620     0.662541673
  8     0.072606434     0.648180700     0.402534888
  8     0.379594528     0.673885252     0.636337048
  8     0.279399420     0.036159830     0.423239536
  8     0.468463224     0.375538608     0.799991613
  8     0.293041165     0.960458840     0.568618389
  8     0.108831828     0.875649190     0.484265592
 14     0.495478152     0.241807203     0.459188330
 14     0.960388011     0.076202605     0.716062497
 14     0.627542655     0.262336388     0.657503274
 14     0.731666505     0.417885189     0.467093560
 14     0.855497132     0.120437162     0.581479387
 14     0.783863219     0.893401277     0.296869023
  8     0.513047621     0.115936248     0.518255447
  8     0.924673292     0.226090220     0.728532970
  8     0.350156436     0.282800965     0.464246730
  8     0.696784939     0.371765983     0.725764561
  8     0.632619907     0.146483345     0.711066729
  8     0.899241254     0.030310402     0.645981744
  8     0.568759043     0.208765905     0.385461277
  8     0.745427272     0.232295374     0.604418237
  8     0.740763036     0.548102396     0.409094860
  8     0.916910417     0.938768698     0.787243141
  8     0.794973968     0.487675801     0.538063783
  8     0.586628610     0.360958110     0.491003984
 14     0.501027422     0.735381767     0.467047771
 14     0.989086540     0.559601362     0.727930867
 14     0.749122038     0.725794564     0.693143647
 14     0.753366137     0.905491490     0.464776728
 14     0.911687693     0.579616631     0.576106779
 14     0.847712894     0.336418433     0.772269415
  8     0.556994182     0.652936125     0.533183804
  8     0.878111300     0.662185613     0.739169241
  8     0.343419997     0.785128723     0.475651418
  8     0.693577450     0.855359832     0.737933457
  8     0.623821440     0.605135194     0.678755814
  8     0.954241597     0.521458115     0.647642263
  8     0.536513254     0.688336536     0.382838656
  8     0.837727258     0.721149753     0.616971341
  8     0.774704634     0.027603883     0.379800248
  8     0.943824634     0.446503882     0.776611713
  8     0.770534797     0.036936967     0.520833331
  8     0.607593765     0.848005467     0.467785136
 14     0.188475815     0.111153413     0.359670860
  8     0.274075986     0.219765641     0.308061607
  8     0.182117806     0.956880035     0.302928471
 14     0.209330086     0.589155870     0.370228710
  8     0.284630281     0.689177398     0.333080448
  8     0.203878475     0.458219183     0.309596337
 14     0.708315825     0.165401283     0.349867218
  8     0.805186457     0.267779969     0.304938988
  8     0.676661076     0.036674039     0.284809601
 14     0.659945106     0.636376322     0.347197229
  8     0.779037236     0.755250204     0.327329946
  8     0.649091730     0.557232460     0.277534895
ENDGEOM
STOP
