Created with astools
CRYSTAL
0 0 0
1
9.82956 9.82956 10.2152 90.00000 90.00000 90.00000
84
 14     0.070653629     0.155600067     0.591528229
 14     0.459368533     0.080162906     0.336392492
 14     0.284266065     0.279897609     0.270951461
 14     0.273624693     0.411331789     0.668261312
 14     0.772381566     0.956667559     0.569775246
 14     0.294366214     0.056497144     1.000973975
  8     0.143763320     0.013183094     0.505943589
  8     0.354244791     0.152775932     0.247280738
  8     0.896159248     0.511760509     0.686163152
  8     0.207934053     0.330752384     0.133229557
  8     0.114964468     0.075226978     0.269352855
  8     0.460017596     0.918233484     0.315679141
  8     0.939281224    -0.012410628     0.609386018
  8     0.166717554     0.326841730     0.359880154
  8     0.188783652     0.440193715     0.809215669
  8     0.306481712     0.946674231     0.096019044
  8     0.386107870     0.406668304     0.289652115
  8     0.246804567     0.235581276     0.651205273
 14     0.223679419     0.700351883     0.606918115
 14     0.462587396     0.595843632     0.061143102
 14     0.231389837     0.797438641     0.125623208
 14     0.397824571     0.867151842     0.749006082
 14     0.528341110     0.469227572     0.339099256
 14     0.209800872     0.446009846     1.008423694
  8     0.214704449     0.491758593     0.546593013
  8     0.364167922     0.713550848     0.089678070
  8     0.887209711     0.919625204     0.891979010
  8     0.065990348     0.848336145     0.045946459
  8     0.126365794     0.612035610     0.106567199
  8     0.511335261     0.551172247     0.235910372
  8     0.134272558     0.681601296     0.776136372
  8     0.207280921     0.814888051     0.291378961
  8     0.315808682     0.930528033     0.869368477
  8     0.378871533     0.474080282     0.030032352
  8     0.625971128     0.879886900     0.547666908
  8     0.379410723     0.715838845     0.683663923
 14     0.660533209     0.231474276     0.522222350
 14     0.986828628     0.104526563     0.239639147
 14     0.737814399     0.308764622     0.207945048
 14     0.872284320     0.366527133     0.650167599
 14     0.123745127     0.875831784     0.397627027
 14     0.669715716     0.018537353     0.116520063
  8     0.747005045     0.099030589     0.479291999
  8     0.909829241     0.230079503     0.266862436
  8     0.414378721     0.442452209     0.664686230
  8     0.712182526     0.358799421     0.065696730
  8     0.607028264     0.138507743     0.204577501
  8     0.965042299     0.932819082     0.318416252
  8     0.555029999     0.166035937     0.675834377
  8     0.642226181     0.344507834     0.344286649
  8     0.725226855     0.457483403     0.843686036
  8     0.897233558     0.071818686     0.089582624
  8     1.012082050     0.327729868     0.530095949
  8     0.743702761     0.350101167     0.587318795
 14     0.643618919     0.736635302     0.486772065
 14     0.947713952     0.564142310     0.201497762
 14     0.832449369     0.834009968     0.287059887
 14     0.705063183     0.927208454     0.849327657
 14     0.087562323     0.446760643     0.425198818
 14     0.715701504     0.534057542     0.963462047
  8     0.618556757     0.574405233     0.419872416
  8     0.907337776     0.699970381     0.247926837
  8     0.365813978     0.989463537     0.648475015
  8     0.729779450     0.902313135     0.184707016
  8     0.636272710     0.635916641     0.084800315
  8    -0.008540984     0.527484510     0.341988102
  8     0.591326643     0.653692617     0.617740275
  8     0.776918901     0.818544370     0.446020831
  8     0.664996278     0.996782279     0.968865785
  8     0.834605111     0.470828865     0.155097076
  8     0.139750932     0.751814010     0.512763850
  8     0.771047833     0.939436877     0.724307474
 14    -0.003883216     0.981944380     0.978347780
  8     0.072394399     0.473380352    -0.009055530
  8     0.935288166     0.231520056     0.701253483
 14     1.006646404     0.609320330     0.823866456
  8     0.134859563     0.094792963     0.937070856
  8     0.854090218     0.634347903     0.881456404
 14     0.401022069     0.134041622     0.672179022
  8     0.557672030     0.569934025     0.883256671
  8     0.371767450     0.162785537     0.908810871
 14     0.516921473     0.548243326     0.717351140
  8     0.494273457     0.187415330     0.465948094
  8     0.550761242     0.870829525     0.814201400
ENDGEOM
STOP
