Created with astools
CRYSTAL
0 0 0
1
10.84 10.84 20.596 90.00000 90.00000 90.00000
120
 14     0.312536900     0.312536900     0.164493105
 14     0.562536900     0.562536900     0.164493105
 14     0.437536900     0.687536900     0.230282579
 14     0.687536900     0.437536900     0.230282579
 14     0.312536900     0.562536900     0.296072053
 14     0.562536900     0.312536900     0.296072053
 14     0.437536900     0.437536900     0.361861527
 14     0.687536900     0.687536900     0.361861527
 14     0.312536900     0.312536900     0.427651000
 14     0.562536900     0.562536900     0.427651000
 14     0.437536900     0.687536900     0.493440474
 14     0.687536900     0.437536900     0.493440474
 14     0.312536900     0.562536900     0.559229948
 14     0.562536900     0.312536900     0.559229948
 14     0.437536900     0.437536900     0.625019421
 14     0.687536900     0.687536900     0.625019421
 14     0.312536900     0.312536900     0.690808895
 14     0.562536900     0.562536900     0.690808895
 14     0.437536900     0.687536900     0.756598369
 14     0.687536900     0.437536900     0.756598369
 14     0.312536900     0.562536900     0.822387842
 14     0.562536900     0.312536900     0.822387842
 14     0.437536900     0.437536900     0.888177316
 14     0.687536900     0.687536900     0.888177316
 14     0.812536900     0.312536900     0.164493105
 14     0.062536900     0.562536900     0.164493105
 14     0.937536900     0.687536900     0.230282579
 14     0.187536900     0.437536900     0.230282579
 14     0.812536900     0.562536900     0.296072053
 14     0.062536900     0.312536900     0.296072053
 14     0.937536900     0.437536900     0.361861527
 14     0.187536900     0.687536900     0.361861527
 14     0.812536900     0.312536900     0.427651000
 14     0.062536900     0.562536900     0.427651000
 14     0.937536900     0.687536900     0.493440474
 14     0.187536900     0.437536900     0.493440474
 14     0.812536900     0.562536900     0.559229948
 14     0.062536900     0.312536900     0.559229948
 14     0.937536900     0.437536900     0.625019421
 14     0.187536900     0.687536900     0.625019421
 14     0.812536900     0.312536900     0.690808895
 14     0.062536900     0.562536900     0.690808895
 14     0.937536900     0.687536900     0.756598369
 14     0.187536900     0.437536900     0.756598369
 14     0.812536900     0.562536900     0.822387842
 14     0.062536900     0.312536900     0.822387842
 14     0.937536900     0.437536900     0.888177316
 14     0.187536900     0.687536900     0.888177316
 14     0.312536900     0.812536900     0.164493105
 14     0.562536900     0.062536900     0.164493105
 14     0.437536900     0.187536900     0.230282579
 14     0.687536900     0.937536900     0.230282579
 14     0.312536900     0.062536900     0.296072053
 14     0.562536900     0.812536900     0.296072053
 14     0.437536900     0.937536900     0.361861527
 14     0.687536900     0.187536900     0.361861527
 14     0.312536900     0.812536900     0.427651000
 14     0.562536900     0.062536900     0.427651000
 14     0.437536900     0.187536900     0.493440474
 14     0.687536900     0.937536900     0.493440474
 14     0.312536900     0.062536900     0.559229948
 14     0.562536900     0.812536900     0.559229948
 14     0.437536900     0.937536900     0.625019421
 14     0.687536900     0.187536900     0.625019421
 14     0.312536900     0.812536900     0.690808895
 14     0.562536900     0.062536900     0.690808895
 14     0.437536900     0.187536900     0.756598369
 14     0.687536900     0.937536900     0.756598369
 14     0.312536900     0.062536900     0.822387842
 14     0.562536900     0.812536900     0.822387842
 14     0.437536900     0.937536900     0.888177316
 14     0.687536900     0.187536900     0.888177316
 14     0.812536900     0.812536900     0.164493105
 14     0.062536900     0.062536900     0.164493105
 14     0.937536900     0.187536900     0.230282579
 14     0.187536900     0.937536900     0.230282579
 14     0.812536900     0.062536900     0.296072053
 14     0.062536900     0.812536900     0.296072053
 14     0.937536900     0.937536900     0.361861527
 14     0.187536900     0.187536900     0.361861527
 14     0.812536900     0.812536900     0.427651000
 14     0.062536900     0.062536900     0.427651000
 14     0.937536900     0.187536900     0.493440474
 14     0.187536900     0.937536900     0.493440474
 14     0.812536900     0.062536900     0.559229948
 14     0.062536900     0.812536900     0.559229948
 14     0.937536900     0.937536900     0.625019421
 14     0.187536900     0.187536900     0.625019421
 14     0.812536900     0.812536900     0.690808895
 14     0.062536900     0.062536900     0.690808895
 14     0.937536900     0.187536900     0.756598369
 14     0.187536900     0.937536900     0.756598369
 14     0.812536900     0.062536900     0.822387842
 14     0.062536900     0.812536900     0.822387842
 14     0.937536900     0.937536900     0.888177316
 14     0.187536900     0.187536900     0.888177316
 14     0.312536900     0.312536900     0.953966790
 14     0.562536900     0.562536900     0.953966790
 14     0.312536900     0.562536900     0.032914158
 14     0.562536900     0.312536900     0.032914158
 14     0.437536900     0.437536900     0.098703632
 14     0.687536900     0.687536900     0.098703632
 14     0.812536900     0.312536900     0.953966790
 14     0.062536900     0.562536900     0.953966790
 14     0.812536900     0.562536900     0.032914158
 14     0.062536900     0.312536900     0.032914158
 14     0.937536900     0.437536900     0.098703632
 14     0.187536900     0.687536900     0.098703632
 14     0.312536900     0.812536900     0.953966790
 14     0.562536900     0.062536900     0.953966790
 14     0.312536900     0.062536900     0.032914158
 14     0.562536900     0.812536900     0.032914158
 14     0.437536900     0.937536900     0.098703632
 14     0.687536900     0.187536900     0.098703632
 14     0.812536900     0.812536900     0.953966790
 14     0.062536900     0.062536900     0.953966790
 14     0.812536900     0.062536900     0.032914158
 14     0.062536900     0.812536900     0.032914158
 14     0.937536900     0.937536900     0.098703632
 14     0.187536900     0.187536900     0.098703632
ENDGEOM
STOP
