Created with astools
CRYSTAL
0 0 0
1
9.82956 9.82956 10.2152 90.00000 90.00000 90.00000
84
 14     0.071600670     0.149390224     0.592911463
 14     0.457164972     0.083310555     0.330470893
 14     0.280954622     0.284130757     0.269566261
 14     0.272979697     0.409414100     0.670296518
 14     0.773807869     0.956343019     0.566695502
 14     0.294805702     0.058076360     0.000494372
  8     0.141017519     0.012957448     0.500406710
  8     0.352020884     0.151709758     0.250238107
  8     0.893338157     0.510283327     0.687985929
  8     0.212395086     0.328417587     0.132396479
  8     0.119276970     0.078676776     0.267271630
  8     0.461197706     0.922997677     0.313167183
  8     0.928452652     0.987104318     0.610887703
  8     0.166581229     0.325738931     0.362825775
  8     0.192144940     0.445484895     0.807579856
  8     0.308558099     0.953161798     0.091412258
  8     0.386180097     0.409164852     0.294256058
  8     0.246057838     0.228441584     0.652904704
 14     0.221435166     0.699483069     0.608503989
 14     0.467069790     0.595610655     0.062721247
 14     0.231249442     0.791214550     0.124437713
 14     0.394244549     0.870024801     0.748729036
 14     0.526989061     0.465869330     0.340551997
 14     0.206152690     0.443784920     0.012140888
  8     0.211464220     0.488309808     0.547326233
  8     0.363039690     0.717691414     0.093105136
  8     0.884802677     0.923848173     0.887462181
  8     0.055365760     0.852873472     0.046890350
  8     0.126218279     0.610971467     0.114328219
  8     0.508453133     0.551880310     0.237475692
  8     0.139043880     0.677842220     0.775413909
  8     0.212335063     0.808466596     0.288730931
  8     0.313639711     0.924651871     0.872985645
  8     0.372861087     0.474252208     0.026446404
  8     0.623647519     0.875591684     0.549216563
  8     0.377574421     0.717138998     0.683308563
 14     0.664697174     0.228734578     0.521661414
 14     0.988468570     0.107392408     0.242391919
 14     0.742411750     0.310463576     0.208243622
 14     0.872582393     0.365334808     0.651551812
 14     0.124687182     0.876113579     0.396573686
 14     0.669233491     0.019370045     0.121569424
  8     0.754609652     0.102379976     0.475432042
  8     0.909343961     0.224174862     0.263400909
  8     0.421255934     0.442335211     0.659303043
  8     0.712627097     0.359333521     0.064698702
  8     0.607695633     0.135401804     0.209459463
  8     0.974812820     0.932002150     0.322804829
  8     0.557856164     0.165251566     0.673314584
  8     0.644018728     0.348962761     0.346524498
  8     0.728678682     0.453915589     0.845133878
  8     0.898178659     0.076136580     0.086411647
  8     0.011263883     0.328509147     0.526543378
  8     0.746925686     0.349987222     0.586903720
 14     0.647805266     0.736982208     0.489483719
 14     0.940787895     0.564546189     0.196708795
 14     0.831347582     0.832188922     0.288307051
 14     0.698319232     0.929076281     0.846555296
 14     0.084754770     0.442176506     0.424590894
 14     0.716419739     0.533125654     0.966230475
  8     0.619750091     0.571090735     0.418875853
  8     0.906953213     0.701940961     0.246586668
  8     0.370190570     0.990348614     0.645414849
  8     0.727365296     0.903784200     0.185972781
  8     0.641013507     0.629354794     0.088463599
  8     0.989053540     0.527679835     0.342721324
  8     0.587610296     0.653090346     0.616776016
  8     0.775403057     0.815744644     0.443766333
  8     0.660388740     0.005674232     0.975556818
  8     0.836746604     0.466625213     0.152049640
  8     0.139338908     0.753630972     0.513671321
  8     0.769188130     0.941472565     0.727414617
 14     0.993465743     0.982608694     0.980308584
  8     0.080194443     0.477364250     0.982031515
  8     0.936619855     0.238846934     0.702868724
 14     0.010784818     0.605582619     0.819972233
  8     0.126245747     0.095710195     0.937101194
  8     0.860344814     0.638997140     0.883168559
 14     0.402716953     0.134744602     0.671509422
  8     0.562929636     0.570584100     0.888222816
  8     0.364091619     0.163667569     0.905136908
 14     0.517346716     0.551648357     0.716224376
  8     0.499528012     0.191122514     0.466047942
  8     0.550280035     0.871152014     0.814247403
ENDGEOM
STOP
