Created with astools
CRYSTAL
0 0 0
1
9.82946 9.82946 10.2151 90.00000 90.00000 90.00000
84
 14     0.132950000     0.166650000     0.611750000
 14     0.382950000     0.166650000     0.195083333
 14     0.132950000     0.333350000     0.221583333
 14     0.382950000     0.333350000     0.638250000
 14     0.484100000     0.000000000     0.416666667
 14     0.234100000     0.000000000     0.000000000
  8     0.080200000     0.106550000     0.477916667
  8     0.279750000     0.273200000     0.244583333
  8     0.029750000     0.273200000     0.661166667
  8     0.140000000     0.439900000     0.110833333
  8     0.029750000     0.226800000     0.172083333
  8     0.390000000     0.060100000     0.305833333
  8     0.140000000     0.060100000     0.722500000
  8     0.080200000     0.393450000     0.355416667
  8     0.330200000     0.393450000     0.772083333
  8     0.325500000     0.102250000     0.068750000
  8     0.399150000     0.435600000     0.527666667
  8     0.275350000     0.231100000     0.596500000
 14     0.132950000     0.666650000     0.611750000
 14     0.382950000     0.666650000     0.195083333
 14     0.132950000     0.833350000     0.221583333
 14     0.382950000     0.833350000     0.638250000
 14     0.484100000     0.500000000     0.416666667
 14     0.234100000     0.500000000     0.000000000
  8     0.080200000     0.606550000     0.477916667
  8     0.279750000     0.773200000     0.244583333
  8     0.029750000     0.773200000     0.661166667
  8     0.140000000     0.939900000     0.110833333
  8     0.029750000     0.726800000     0.172083333
  8     0.390000000     0.560100000     0.305833333
  8     0.140000000     0.560100000     0.722500000
  8     0.080200000     0.893450000     0.355416667
  8     0.330200000     0.893450000     0.772083333
  8     0.325500000     0.602250000     0.068750000
  8     0.399150000     0.935600000     0.527666667
  8     0.275350000     0.731100000     0.596500000
 14     0.632950000     0.166650000     0.611750000
 14     0.882950000     0.166650000     0.195083333
 14     0.632950000     0.333350000     0.221583333
 14     0.882950000     0.333350000     0.638250000
 14     0.984100000     0.000000000     0.416666667
 14     0.734100000     0.000000000     0.000000000
  8     0.580200000     0.106550000     0.477916667
  8     0.779750000     0.273200000     0.244583333
  8     0.529750000     0.273200000     0.661166667
  8     0.640000000     0.439900000     0.110833333
  8     0.529750000     0.226800000     0.172083333
  8     0.890000000     0.060100000     0.305833333
  8     0.640000000     0.060100000     0.722500000
  8     0.580200000     0.393450000     0.355416667
  8     0.830200000     0.393450000     0.772083333
  8     0.825500000     0.102250000     0.068750000
  8     0.899150000     0.435600000     0.527666667
  8     0.775350000     0.231100000     0.596500000
 14     0.632950000     0.666650000     0.611750000
 14     0.882950000     0.666650000     0.195083333
 14     0.632950000     0.833350000     0.221583333
 14     0.882950000     0.833350000     0.638250000
 14     0.984100000     0.500000000     0.416666667
 14     0.734100000     0.500000000     0.000000000
  8     0.580200000     0.606550000     0.477916667
  8     0.779750000     0.773200000     0.244583333
  8     0.529750000     0.773200000     0.661166667
  8     0.640000000     0.939900000     0.110833333
  8     0.529750000     0.726800000     0.172083333
  8     0.890000000     0.560100000     0.305833333
  8     0.640000000     0.560100000     0.722500000
  8     0.580200000     0.893450000     0.355416667
  8     0.830200000     0.893450000     0.772083333
  8     0.825500000     0.602250000     0.068750000
  8     0.899150000     0.935600000     0.527666667
  8     0.775350000     0.731100000     0.596500000
 14     0.234100000     0.000000000     0.833333333
  8     0.140000000     0.439900000     0.944166667
  8     0.325500000     0.102250000     0.902083333
 14     0.234100000     0.500000000     0.833333333
  8     0.140000000     0.939900000     0.944166667
  8     0.325500000     0.602250000     0.902083333
 14     0.734100000     0.000000000     0.833333333
  8     0.640000000     0.439900000     0.944166667
  8     0.825500000     0.102250000     0.902083333
 14     0.734100000     0.500000000     0.833333333
  8     0.640000000     0.939900000     0.944166667
  8     0.825500000     0.602250000     0.902083333
ENDGEOM
STOP
