Created with astools
CRYSTAL
0 0 0
1
4.91473 4.91473 17.0251 90.00000 90.00000 90.00000
36
 14     0.265900000     0.333300000     0.632950000
 14     0.765900000     0.333300000     0.882950000
 14     0.265900000     0.666700000     0.867050000
 14     0.765900000     0.666700000     0.617050000
 14     0.968200000     0.000000000     0.750000000
 14     0.468200000     0.000000000     1.000000000
  8     0.160400000     0.213100000     0.713250000
  8     0.559500000     0.546400000     0.853250000
  8     0.059500000     0.546400000     0.603300000
  8     0.280000000     0.879800000     0.933500000
  8     0.059500000     0.453600000     0.896750000
  8     0.780000000     0.120200000     0.816500000
  8     0.280000000     0.120200000     0.566500000
  8     0.160400000     0.786900000     0.786750000
  8     0.660400000     0.786900000     0.536750000
  8     0.651000000     0.204500000     0.958750000
  8     0.798300000     0.871200000     0.683400000
  8     0.550700000     0.462200000     0.642100000
 14     0.265900000     0.333300000     0.132950000
 14     0.765900000     0.333300000     0.382950000
 14     0.265900000     0.666700000     0.367050000
 14     0.765900000     0.666700000     0.117050000
 14     0.968200000     0.000000000     0.250000000
 14     0.468200000     0.000000000     0.500000000
  8     0.160400000     0.213100000     0.213250000
  8     0.559500000     0.546400000     0.353250000
  8     0.059500000     0.546400000     0.103300000
  8     0.280000000     0.879800000     0.433500000
  8     0.059500000     0.453600000     0.396750000
  8     0.780000000     0.120200000     0.316500000
  8     0.280000000     0.120200000     0.066500000
  8     0.160400000     0.786900000     0.286750000
  8     0.660400000     0.786900000     0.036750000
  8     0.651000000     0.204500000     0.458750000
  8     0.798300000     0.871200000     0.183400000
  8     0.550700000     0.462200000     0.142100000
ENDGEOM
STOP
