Created with astools
CRYSTAL
0 0 0
1
9.83012 9.83012 10.2157 90.00000 90.00000 90.00000
84
 14     0.986511801     0.270038395     0.651724462
 14     0.568681730     0.006211287     0.155793847
 14     0.357429998     0.352766780     0.312204390
 14     0.259728247     0.417207495     0.569413273
 14     0.429169708     0.074930210     0.407501418
 14     0.240603355     0.974087742     0.095618101
  8     0.985127281     0.174903245     0.512022444
  8     0.451183680     0.215157075     0.342198291
  8     0.819976713     0.322953311     0.692194350
  8     0.278265151     0.337815794     0.169556918
  8     0.134889494     0.043619404     0.191600345
  8     0.532927336     0.971779530     0.300962918
  8     0.045758645     0.177657026     0.770283624
  8     0.231396957     0.346078154     0.424483050
  8     0.292940454     0.539594599     0.687598503
  8     0.409775236     0.022161478     0.099106834
  8     0.386214996     0.478117225     0.435293815
  8     0.083150963     0.394681830     0.599396406
 14     0.006378345     0.778626254     0.632069505
 14     0.559473297     0.506747596     0.086687571
 14     0.302783670     0.689955928     0.183767337
 14     0.256153520     0.946276282     0.587424688
 14     0.509700765     0.609328230     0.378714478
 14     0.293795988     0.356508341     0.010008278
  8     0.026411680     0.679267351     0.517690166
  8     0.414347916     0.637533377     0.089501170
  8     0.855076994     0.827063096     0.636423569
  8     0.237719362     0.814590207     0.135523174
  8     0.156035725     0.605353711     0.170021887
  8     0.508632619     0.427896072     0.270351343
  8     0.072606434     0.673605162     0.753933370
  8     0.379594528     0.700317958     0.319088862
  8     0.279399420     0.037578176     0.715425160
  8     0.468463224     0.390268863     0.014710628
  8     0.293041165     0.998132207     0.445037599
  8     0.108831828     0.909995954     0.601923878
 14     0.495478152     0.251291932     0.648564633
 14     0.960388011     0.079191602     0.170808907
 14     0.627542655     0.272626360     0.279722173
 14     0.731666505     0.434276461     0.633861837
 14     0.855497132     0.125161231     0.421117656
 14     0.783863219     0.928444355     0.950459446
  8     0.513047621     0.120483771     0.538706747
  8     0.924673292     0.234958460     0.147615295
  8     0.350156436     0.293893647     0.639156605
  8     0.696784939     0.386348260     0.152764210
  8     0.632619907     0.152229058     0.180100448
  8     0.899241254     0.031499308     0.301150863
  8     0.568759043     0.216954611     0.785688278
  8     0.745427272     0.241407007     0.378454095
  8     0.740763036     0.569601352     0.741732594
  8     0.916910417     0.975591284     0.038421285
  8     0.794973968     0.506804564     0.501865572
  8     0.586628610     0.375116455     0.589391261
 14     0.501027422     0.764226634     0.633946999
 14     0.989086540     0.581551358     0.148735135
 14     0.749122038     0.754263379     0.213435271
 14     0.753366137     0.941008799     0.638170872
 14     0.911687693     0.602351713     0.431110076
 14     0.847712894     0.349614225     0.066270653
  8     0.556994182     0.678547116     0.510941759
  8     0.878111300     0.688159409     0.127833083
  8     0.343419997     0.815924881     0.617945227
  8     0.693577450     0.888910760     0.130131496
  8     0.623821440     0.628871225     0.240194948
  8     0.954241597     0.541911967     0.298062493
  8     0.536513254     0.715336085     0.790566044
  8     0.837727258     0.749436378     0.355106798
  8     0.774704634     0.028686627     0.796217125
  8     0.943824634     0.464017704     0.058194491
  8     0.770534797     0.038385795     0.533912186
  8     0.607593765     0.881267924     0.632575587
 14     0.188475815     0.115513333     0.833655418
  8     0.274075986     0.228385804     0.929642557
  8     0.182117806     0.994413026     0.939189586
 14     0.209330086     0.612265122     0.814019060
  8     0.284630281     0.716209929     0.883110457
  8     0.203878475     0.476192529     0.926788139
 14     0.708315825     0.171889040     0.851889039
  8     0.805186457     0.278283462     0.935450260
  8     0.676661076     0.038112554     0.972888552
 14     0.659945106     0.661337765     0.856854904
  8     0.779037236     0.784874397     0.893805714
  8     0.649091730     0.579089537     0.986418649
ENDGEOM
STOP
