Created with astools
CRYSTAL
0 0 0
1
9.83014 9.83014 10.2157  90.00000 90.00000 90.00000
84
14 0.149388581 0.178991428 0.468545199
14 0.374235939 0.040598016 0.047444296
14 0.163770885 0.184649540 0.177351661
14 0.486668773 0.372868715 0.693745531
14 0.598753698 0.006933272 0.441752253
14 0.174873479 0.864771394 0.945464722
8 0.022213529 0.075440974 0.450572948
8 0.258577310 0.061155108 0.165385823
8 0.080795936 0.309987588 0.536272002
8 0.188329041 0.288470082 0.040537411
8 0.992831683 0.162698672 0.170297846
8 0.489463241 0.932078706 0.041247001
8 0.243577517 0.098411563 0.584023764
8 0.219603279 0.568154934 0.127122352
8 0.376118924 0.372102703 0.799900257
8 0.249998588 0.999093041 0.950113427
8 0.427585153 0.354559710 0.549915642
8 0.201707290 0.233314179 0.321476193
14 0.195599541 0.701811280 0.576574481
14 0.293071239 0.640706324 0.224376115
14 0.029957369 0.803504690 0.196067862
14 0.536167582 0.011888035 0.734670578
14 0.428281989 0.446856504 0.413586916
14 0.194770458 0.329734009 0.885224399
8 0.131058213 0.558387011 0.553669650
8 0.187536580 0.773602762 0.249916093
8 0.060814014 0.793050104 0.572296772
8 0.052316776 0.837821612 0.037441015
8 0.962587949 0.656811901 0.231039356
8 0.295316376 0.523389529 0.346189996
8 0.964210511 0.703370770 0.783703695
8 0.294024430 0.766593703 0.496131038
8 0.396124752 0.084388155 0.801620150
8 0.345882312 0.536997683 0.950408070
8 0.267815229 0.691368901 0.715926969
8 0.492138688 0.603783130 0.761122874
14 0.814411966 0.290619594 0.687006916
14 0.851006578 0.065793396 0.193373982
14 0.562865078 0.215582989 0.233686250
14 0.904260167 0.557354472 0.806921768
14 0.872461013 0.053690918 0.515478616
14 0.644198646 0.916589601 0.992976659
8 0.517535082 0.100682437 0.342579884
8 0.722421372 0.189590468 0.228751712
8 0.648069397 0.334131711 0.700967713
8 0.649077521 0.551648549 0.078954272
8 0.470351603 0.177150152 0.100526161
8 0.762475754 0.021243552 0.412341780
8 0.847803164 0.200574040 0.812067745
8 0.520834121 0.369329598 0.293472372
8 0.891518736 0.494456052 0.955161515
8 0.924360602 0.921079875 0.238018776
8 0.915545872 0.431407073 0.680565880
8 0.827200192 0.206306413 0.560609914
14 0.623408495 0.698035137 0.455414492
14 0.850643409 0.557017753 0.305800396
14 0.613230609 0.678027274 0.166990208
14 0.997251764 0.851659672 0.703801573
14 0.017746042 0.453489170 0.545057457
14 0.774717701 0.447497391 0.054588167
8 0.513933911 0.582867854 0.475079228
8 0.703773613 0.642443838 0.315994461
8 0.570295291 0.064434819 0.591606174
8 0.676625463 0.818370202 0.127398396
8 0.450708944 0.679866517 0.194238333
8 0.897693625 0.510613509 0.444818108
8 0.521151513 0.857974946 0.717547017
8 0.559216095 0.852575224 0.411273821
8 0.787550688 0.039531500 0.038221281
8 0.836266191 0.443229901 0.201571129
8 0.887391631 0.958431343 0.658034003
8 0.695410555 0.723994087 0.587546756
14 0.229326441 0.078682028 0.746547339
8 0.147630721 0.463605002 0.841883474
8 0.150469950 0.207609549 0.794063191
14 0.349382772 0.629570160 0.845526868
8 0.127522148 0.923433860 0.786156771
8 0.304626522 0.756716932 0.946232165
14 0.757996670 0.168151293 0.929202576
8 0.748333528 0.584178111 0.782148254
8 0.719310530 0.307826885 0.993652086
14 0.634932243 0.701962855 0.754491935
8 0.648506827 0.048924860 0.872402040
8 0.685332362 0.791500786 0.890987071
EXTPRT
COORPRT
STOP

