Created with astools
CRYSTAL
0 0 0
1
10.84 10.84 18.3452 90.00000 90.00000 90.00000
132
  8       0.105438  -0.013640   0.744992  
  8       0.395285   0.189171   0.601670  
  8       0.955823   0.386821   0.862200  
  8       0.249569   0.351465   0.535878  
  8       0.070868   0.124874   0.588726  
  8       0.531153   0.965870   0.621336  
  8       0.884675   0.910157   0.775580  
  8       0.224274   0.334099   0.674820  
  8       0.249061   0.452988   0.904309  
  8       0.363060   0.989868   0.515285  
  8       0.432303   0.430044   0.625618  
  8       0.322767   0.271077   0.807272  
  8       0.215596   0.516418   0.764251  
  8       0.317045   0.747788   0.540918  
  8       0.894866   0.931645   0.979111  
  8       0.152595   0.900441   0.471567  
  8       0.109283   0.564340   0.509446  
  8       0.527338   0.609919   0.544794  
  8       0.051401   0.632468   0.840861  
  8       0.204564   0.908636   0.620197  
  8       0.286574   0.866791   0.956246  
  8       0.338315   0.537897   0.463608  
  8       0.644325   0.833524   0.745983  
  8       0.286587   0.757225   0.829517  
  8       0.712513   0.064293   0.751769  
  8       0.834872   0.238846   0.595762  
  8       0.451438   0.479681   0.812557  
  8       0.708747   0.345988   0.485831  
  8       0.631633   0.112427   0.547673  
  8       0.967581   0.867395   0.643144  
  8       0.543844   0.186055   0.831197  
  8       0.679289   0.441024   0.614719  
  8       0.656090   0.423065   0.894909  
  8       0.928232   0.189045   0.467425  
  8      -0.002251   0.364747   0.728017  
  8       0.764083   0.293902   0.776948  
  8       0.558880   0.617076   0.684543  
  8       0.914132   0.681548   0.562735  
  8       0.355758   1.017239   0.847134  
  8       0.749316   0.867713   0.583653  
  8       0.604691   0.509037   0.396556  
  8       1.075064   0.538238   0.645590  
  8       0.652195   0.621003   0.813343  
  8       0.796792   0.687175   0.687386  
  8       0.565925   0.028146   0.968587  
  8       0.908456   0.443376   0.551435  
  8       0.134091   0.744757   0.721473  
  8       0.716174   0.931828   0.871935  
  8       0.055993   0.520033   0.970855  
  8       0.960182   0.155674   0.803943  
  8       0.087423   0.072551   0.952487  
  8       0.846211   0.573430   0.919362  
  8       0.505405   0.588906   0.939975  
  8       0.368109   0.213346   0.942354  
  8       0.576302   0.210481   0.686114  
  8       0.501309   0.831421   0.892937  
  14      0.115570   0.119346   0.037263  
  14      0.290912   0.259913   0.019737  
  14      0.211269   0.439930   0.092192  
  14      0.439290   0.191583   0.104111  
  14      0.069601   0.329948   0.169394  
  14      0.316959   0.053393   0.169646  
  14      0.191130   0.185874   0.237390  
  14      0.429448   0.455357   0.255689  
  14      0.108314   0.608338   0.037613  
  14      0.255919   0.782245   0.031007  
  14      0.172159   0.937680   0.105798  
  14      0.443183   0.707316   0.093604  
  14      0.040749   0.815857   0.179324  
  14      0.328022   0.570039   0.167512  
  14      0.186092   0.685398   0.240714  
  14      0.435070   0.946311   0.252036  
  14      0.612155   0.112885   0.040905  
  14      0.766490   0.286631   0.034910  
  14      0.652910   0.427424   0.106928  
  14      0.941243   0.203978   0.098008  
  14      0.547111   0.310326   0.191043  
  14      0.830376   0.072528   0.180467  
  14      0.689110   0.180030   0.252425  
  14      0.925122   0.451987   0.237805  
  14      0.583133   0.584023   0.021279  
  14      0.792821   0.838615   0.021210  
  14      0.699872   0.956082   0.111664  
  14      0.926267   0.698318   0.090601  
  14      0.562338   0.828120   0.176242  
  14      0.796019   0.568936   0.161194  
  14      0.687969   0.692827   0.246976  
  14      0.926389   0.938137   0.261697  
  14      0.059455   0.074431   0.318324  
  14      0.305031   0.313303   0.315761  
  14      0.129628   0.387405   0.374027  
  14      0.469718   0.234612   0.390364  
  14      0.055941   0.566549   0.315695  
  14      0.301149   0.821334   0.317860  
  14      0.194201   0.962736   0.390008  
  14      0.469927   0.757774   0.389102  
  14      0.560761   0.059302   0.332234  
  14      0.808432   0.319753   0.316801  
  14      0.655300   0.366411   0.403405  
  14      0.972453   0.235049   0.383677  
  14      0.549251   0.589403   0.325516  
  14      0.800339   0.810744   0.337699  
  14      0.630696   0.900663   0.414040  
  14      0.879868   0.620238   0.379834  
  14     -0.006671   0.006712   0.804820  
  14      0.529900   0.122046   0.618022  
  14      0.328039   0.323848   0.610080  
  14      0.315765   0.418563   0.832481  
  14      0.736694   0.930871   0.785518  
  14      0.360102   0.074107   0.439777  
  14      0.175331   0.670656   0.794287  
  14      0.412355   0.660102   0.493405  
  14      0.254776   0.885678   0.538318  
  14      0.357126   0.871074   0.878529  
  14      0.549851   0.522109   0.616182  
  14      0.210536   0.462441   0.478949  
  14      0.646844   0.195652   0.765294  
  14      0.954928   0.180794   0.554104  
  14      0.777585   0.369760   0.562443  
  14      0.915471   0.297836   0.793186  
  14      0.102106   0.878629   0.682173  
  14      0.634966  -0.046385   0.550474  
  14      0.663756   0.685940   0.733292  
  14      0.999130   0.558675   0.568880  
  14      0.853352   0.777499   0.621963  
  14      0.620476   0.895343   0.936241  
  14      0.123524   0.434209   0.702150  
  14      0.751017   0.473809   0.960783  
  14      1.023337   0.938909   0.928908  
  14     -0.014957   0.526999   0.894347  
  14      0.397360   0.166697   0.858341  
  14      0.563129   0.531474   0.863738  
ENDGEOM
STOP
