Created with astools
SLAB
1
5.42 5.42 90.00000
60
 14     0.875073801     0.375073801     2.032900000
 14     0.625073801     0.625073801    11.517900000
  8     0.723879882     0.789983907    22.150152992
 14     0.625073801     0.125073801     3.387900000
  8     0.707285867     0.108994566    28.396669520
 14     0.241111939     0.302228692    31.521630296
  8     0.590311666     0.185435846    17.462286200
 14     0.375073801     0.375073801     4.742900000
 14     0.241111939     0.604548061    27.536049704
 14     0.875073801     0.375073801    12.872900000
 14     0.875073801     0.875073801     4.742900000
 14     0.875073801     0.875073801    15.582900000
  8     0.507341593     0.495462818    27.770996360
 14     0.877941252     0.000000000    29.528840000
 14     0.125073801     0.125073801     6.097900000
  8     0.145446991     0.193234126    30.154513160
  8     0.499361958     0.419112215    31.365850448
 14     0.625073801     0.625073801     6.097900000
  8     0.253897491     0.797782187    17.892170480
  8     0.053953217     0.495462818    32.026425104
 14     0.694500315     0.604548061    31.792329704
 14     0.375073801     0.875073801     7.452900000
  8     0.507341593     0.495462818    19.258436360
  8     0.053953217     0.411313935    27.030403640
 14     0.241111939     0.302228692    23.009070296
 14     0.875073801     0.375073801     7.452900000
  8     0.145446991     0.713542627    28.903166840
 14     0.241111939     0.604548061    19.023489704
  8     0.253897491     0.108994566    32.652949520
  8     0.707285867     0.108994566    19.884109520
 14     0.877941252     0.000000000    21.016280000
  8     0.499361958     0.419112215    22.853290448
 14     0.125073801     0.625073801     8.807900000
 14     0.694500315     0.302228692    18.752790296
  8     0.598835368     0.713542627    33.159446840
 14     0.694500315     0.604548061    23.279769704
 14     0.625073801     0.125073801     8.807900000
  8     0.145446991     0.713542627    20.390606840
 14     0.424552876     0.000000000    16.760000000
  8     0.253897491     0.797782187    26.404730480
  8     0.723879882     0.789983907    30.662712992
  8     0.145446991     0.193234126    21.641953160
 14     0.375073801     0.375073801    10.162900000
 14     0.125073801     0.125073801     0.677900000
  8     0.053953217     0.495462818    23.513865104
 14     0.875073801     0.875073801    10.162900000
 14     0.375073801     0.875073801    12.872900000
 14     0.375073801     0.875073801     2.032900000
 14     0.424552876     0.000000000    25.272560000
  8     0.053953217     0.411313935    18.517843640
 14     0.125073801     0.125073801    11.517900000
 14     0.125073801     0.625073801     3.387900000
 14     0.125073801     0.625073801    14.227900000
  8     0.253897491     0.108994566    24.140389520
 14     0.625073801     0.125073801    14.227900000
  8     0.590311666     0.185435846    25.974846200
 14     0.625073801     0.625073801     0.677900000
 14     0.375073801     0.375073801    15.582900000
  8     0.598835368     0.713542627    24.646886840
 14     0.694500315     0.302228692    27.265350296
ENDGEOM
STOP
