HfO2 monoclinic phase
SLAB                    
1
7.30288735     7.41862138   114.291720
60
108    -4.408135213582E-01  1.682971688965E-01  6.727427504042E+00
108     2.027516451697E-01  2.729190990659E-01  6.471245673072E+00
108    -2.433428265759E-01 -1.085112402089E-01  6.432748431150E+00
108     1.856162636586E-01 -2.311968245419E-01  6.238674418147E+00
272     4.978131803953E-01 -8.381870864322E-02  5.806424499474E+00
272     2.870411301923E-02 -2.085965481022E-02  5.722457916945E+00
272     4.955297249946E-01  3.512770014044E-01  5.560512312519E+00
272     9.068420398444E-02  4.670322730113E-01  5.475582705139E+00
108     4.055104282204E-01 -4.051268278808E-01  5.137491787131E+00
108    -1.916857569419E-01  4.693787708476E-01  5.117560808949E+00
108     3.451963483272E-01  9.038867124857E-02  4.631625923624E+00
108    -2.775112159446E-02  1.848344842322E-01  4.521954167193E+00
108    -6.294901271091E-02 -1.643900030569E-01  3.940143694076E+00
108    -4.302771521176E-01 -7.133699316120E-02  3.756280927281E+00
108     1.187538389809E-01 -4.418640794334E-01  3.533896539877E+00
108    -4.700536568860E-01  4.232198528706E-01  3.356291883919E+00
272    -1.557054424130E-01 -4.330162893732E-01  3.048221828313E+00
272     4.115333017197E-01 -3.607521494322E-01  2.902926634835E+00
272    -1.238940087433E-01  4.341423139362E-02  2.756499780544E+00
272     4.338444167227E-01  1.091447959030E-01  2.620979008216E+00
108    -2.465082743174E-01  2.536741230424E-01  2.294697058497E+00
108     1.628519987854E-01  1.158127912211E-01  2.124469226313E+00
108    -2.906608974688E-01 -2.489542932162E-01  1.926359289032E+00
108     3.464460615966E-01 -1.567107657417E-01  1.709598266770E+00
108     2.916996509911E-01  4.909021509053E-01  1.137540783170E+00
108    -7.075353866999E-02 -4.123514460133E-01  9.447925444618E-01
108     4.767933545760E-01  2.240701975444E-01  6.505599416004E-01
108    -1.143502979892E-01  8.700098495219E-02  5.145260322925E-01
272     2.041959699224E-01  2.287859342333E-01  1.482337550434E-01
272    -2.332356930797E-01  3.014487683557E-01  6.618985360563E-02
272     2.332346928667E-01 -3.014490656382E-01 -6.619252834400E-02
272    -2.041958703090E-01 -2.287832528463E-01 -1.482322909453E-01
108     1.143509030617E-01 -8.700201400227E-02 -5.145463153036E-01
108    -4.767940424712E-01 -2.240689852587E-01 -6.505450985879E-01
108     7.075628714613E-02  4.123508064941E-01 -9.447892828964E-01
108    -2.916945604904E-01 -4.908996880194E-01 -1.137541977464E+00
108    -3.464566542131E-01  1.567081881776E-01 -1.709565127845E+00
108     2.906594545145E-01  2.489522314746E-01 -1.926363677689E+00
108    -1.628532388441E-01 -1.158095469397E-01 -2.124459597265E+00
108     2.465071969019E-01 -2.536753530214E-01 -2.294722247628E+00
272    -4.338456859991E-01 -1.091433353358E-01 -2.620967793438E+00
272     1.238918392817E-01 -4.341773363124E-02 -2.756487527647E+00
272    -4.115369171646E-01  3.607521640534E-01 -2.902913502512E+00
272     1.557036955472E-01  4.330134002613E-01 -3.048259765130E+00
108     4.700511993075E-01 -4.232227460027E-01 -3.356279804501E+00
108    -1.187522498791E-01  4.418642021048E-01 -3.533881501118E+00
108     4.302751737724E-01  7.133909730861E-02 -3.756276115448E+00
108     6.294623298370E-02  1.643866454329E-01 -3.940147359365E+00
108     2.775787795008E-02 -1.848340282602E-01 -4.521985298033E+00
108    -3.451971460316E-01 -9.038944232328E-02 -4.631576526789E+00
108     1.916857247936E-01 -4.693816374346E-01 -5.117637554979E+00
108    -4.055084547451E-01  4.051259324965E-01 -5.137476329531E+00
272    -9.068660748145E-02 -4.670348133532E-01 -5.475581126308E+00
272    -4.955272991031E-01 -3.512718247079E-01 -5.560499227732E+00
272    -2.870142557221E-02  2.085800601108E-02 -5.722478259955E+00
272    -4.978140098710E-01  8.382115710193E-02 -5.806387625023E+00
108    -1.856164026381E-01  2.311983644626E-01 -6.238651815191E+00
108     2.433426105148E-01  1.085093437348E-01 -6.432770090131E+00
108    -2.027541774135E-01 -2.729201656597E-01 -6.471251080273E+00
108     4.408285533869E-01 -1.682879302945E-01 -6.727446748158E+00
NEIGHPRT
10
OPTGEOM
FULLOPTG
TOLDEG
0.00005
TOLDEX
0.00025
END
END
272 7
HAYWSC
0  1  4  2. 1.     | (second digit) p->2 s->0 sp->1 d->3 f->4
      1.9500000             -1.2260850              1.0778382
      1.1830000              1.5695074             -1.5010862
      0.3897000              0.4933412             -1.1982175
      0.1656000              0.0000000              1.2290296
0  0  1  0. 1.     |  s
      0.194000              1.0000000
0  2  3  6. 1.     |  p
      1.9720000             -0.6323467
      1.3540000              1.0465162
      0.3834000              0.5801670
0  2  1  0. 1.     |  p
      0.2027000             -0.1739178
0  3  1  4. 1.     |  d
      0.8226000              0.4490405
0  3  1  0. 1.     |  d
      0.4085000              0.6723891
0  3  1  0. 1.     |  d --------------------->  extra added D
      0.1785000              0.6723891
108  5                          |      ===== Modified OXYGEN BASIS  =====
0 0 8 2.0 1.0
 8020.0    0.00108
 1338.0    0.00804
  255.4    0.05324
   69.22   0.1681
   23.90   0.3581
    9.264  0.3855
    3.851  0.1468
    1.212  0.0728
0 1 4 6.0 1.0
   49.43  -0.00883 0.00958
   10.47  -0.0915  0.0696
    3.235 -0.0402  0.2065
    1.217  0.379   0.347
0  1  1  0. 1.                |               3sp:  1 Gaussian
.4763    1.       1.
0  1  1  0. 1.                |               3sp:  1 Gaussian
.190     1.       1.
0  3  1  0. 1.     |  d --------------------->  extra added D
      0.5785000              1.0000000
99 0
END
SHRINK
6 6 
DFT 
EXCHANGE
BECKE 
CORRELAT
LYP
HYBRID
20
NONLOCAL
0.9 0.81
XLGRID
END
TOLINTEG
8 8 8 8 16
SCFDIR
SMEAR
0.01
MAXCYCLE                      |             maximum No.
100                            |             of cycles
FMIXING                       |
80
BROYDEN
0.0001 60 5
TOLDEE
10
END
