INTERFACE Si001:SiO211-1
SLAB
1
5.42900    5.42900  90.00000  90.00000  
28
14       0.125000	0.125000      +0.678612500 	
14       0.625000	0.125000      +3.393062500 	
14       0.875000	0.375000      +2.035837500 	
14       0.375000	0.375000      +4.750287500 	
14       0.125000	0.625000      +3.393062500 	
14       0.625000	0.625000      +0.678612500 	
14       0.375000	0.875000      +2.035837500 	
14       0.875000	0.875000      +4.750287500 	
14       0.125000	0.125000      +6.107512500 	
14       0.625000	0.625000      +6.107512500 	
 14      0.2659       	 0.3333       -2.263489704 $
 14     -0.2341       	 0.3333        1.992790296 $ 
 14      0.2659       	 -0.3333       2.263489704 $ 
 14     -0.2341       	 -0.3333      -1.992790296 $
 14     -0.0318       	 0.0000        4.256280000 $  
 14      0.4682       	 0.0000        0.000000000 $  
 108     0.1510        	0.2045        -3.553993800 $
 108    -0.3490        	0.2045         0.702286200 $
 108    -0.4493        	-0.4622        2.419269552 $
 108     0.0507        	-0.4622       -1.837010448 $
 108    -0.2017        	-0.1288       -3.122407008 $
 108     0.2983        	-0.1288        1.133872992 $
 108    -0.4493        	0.4622        -2.419269552 $
 108     0.0507        	0.4622         1.837010448 $
 108    -0.2017       	0.1288         3.122407008 $
 108     0.2983       	0.1288        -1.133872992 $
 108     0.1510       	-0.2045        3.553993800 $
 108    -0.3490       	-0.2045       -0.702286200 $
STOP
