SiO2
CRYSTAL         
0   0   0         
1       
4.91473    8.51256    4.91473    90.00000 90.00000 90.00000 
18
 14      0.2659    -0.2659     0.3333
 14     -0.2341     0.2341     0.3333
 14      0.2659     0.2659    -0.3333
 14     -0.2341    -0.2341    -0.3333
 14     -0.0318     0.5000     0.0000
 14      0.4682     0.0000     0.0000
108      0.1604    -0.4265     0.2131
108     -0.4405     0.2935    -0.4536
108      0.0595    -0.2066    -0.4536
108      0.2800     0.1330    -0.1202
108      0.0595     0.2065     0.4536
108     -0.2200     0.3670     0.1202
108      0.2800    -0.1330     0.1202
108      0.1604     0.4265    -0.2131
108     -0.3396    -0.0735    -0.2131
108     -0.3490     0.0825     0.2045
108     -0.2017    -0.3668    -0.1288
108     -0.4493    -0.2842     0.4622
END
STOP                                                                  
                                                                      
